812 1682700334 0,400000 -1,000000 -101,000000 0,000000 0,000000
812 1682700335 0,400000 -1,000000 -101,000000 0,000000 0,000000
812 1682700336 0,400000 -1,000000 -101,000000 0,000000 0,000000
812 1682700337 0,400000 -1,000000 -101,000000 0,000000 0,000000
812 1682700338 0,400000 -1,000000 -101,000000 0,000000 0,000000
812 1682700339 0,200000 -1,000000 -101,000000 0,000000 0,000000
812 1682700340 0,200000 -1,000000 -101,000000 0,000000 0,000000
812 1682700341 0,200000 -1,000000 -101,000000 0,000000 0,000000
812 1682700342 0,200000 -1,000000 -101,000000 0,000000 0,000000
812 1682700343 0,200000 -1,000000 -101,000000 0,000000 0,000000
812 1682700344 0,200000 -1,000000 -101,000000 0,000000 0,000000
812 1682700345 0,200000 -1,000000 -101,000000 0,000000 0,000000
812 1682700346 0,200000 -1,000000 -101,000000 0,000000 0,000000
812 1682700347 0,200000 -1,000000 -101,000000 0,000000 0,000000
812 1682700348 0,200000 -1,000000 -101,000000 0,000000 0,000000
812 1682700349 0,600000 -1,000000 -101,000000 0,000000 0,000000
812 1682700350 0,600000 -1,000000 -101,000000 0,000000 0,000000
812 1682700351 0,600000 -1,000000 -101,000000 0,000000 0,000000
812 1682700352 0,600000 -1,000000 -101,000000 0,000000 0,000000
812 1682700353 0,600000 -1,000000 -101,000000 0,000000 0,000000
812 1682700354 0,400000 -1,000000 -101,000000 0,000000 0,000000
812 1682700355 0,400000 -1,000000 -101,000000 0,000000 0,000000
812 1682700356 0,400000 -1,000000 -101,000000 0,000000 0,000000
812 1682700357 0,400000 -1,000000 -101,000000 0,000000 0,000000
812 1682700358 0,400000 -1,000000 -101,000000 0,000000 0,000000
812 1682700359 0,400000 -1,000000 -101,000000 0,000000 0,000000
812 1682700360 0,400000 -1,000000 -101,000000 0,000000 0,000000
812 1682700361 0,400000 -1,000000 -101,000000 0,000000 0,000000
812 1682700362 0,400000 -1,000000 -101,000000 0,000000 0,000000
812 1682700363 0,400000 -1,000000 -101,000000 0,000000 0,000000
812 1682700364 1,400000 -1,000000 -101,000000 0,000000 0,000000
812 1682700365 1,400000 -1,000000 -101,000000 0,000000 0,000000
812 1682700366 1,400000 -1,000000 -101,000000 0,000000 0,000000
812 1682700367 1,400000 -1,000000 -101,000000 0,000000 0,000000
812 1682700368 1,400000 -1,000000 -101,000000 0,000000 0,000000
812 1682700369 0,600000 -1,000000 -101,000000 0,000000 0,000000
812 1682700370 0,600000 -1,000000 -101,000000 0,000000 0,000000
812 1682700371 0,600000 -1,000000 -101,000000 0,000000 0,000000
812 1682700372 0,600000 -1,000000 -101,000000 0,000000 0,000000
812 1682700373 0,600000 -1,000000 -101,000000 0,000000 0,000000
812 1682700374 1,200000 -1,000000 -101,000000 0,000000 0,000000
812 1682700375 1,200000 -1,000000 -101,000000 0,000000 0,000000
812 1682700376 1,200000 -1,000000 -101,000000 0,000000 0,000000
812 1682700377 1,200000 -1,000000 -101,000000 0,000000 0,000000
812 1682700378 1,200000 -1,000000 -101,000000 0,000000 0,000000
812 1682700379 1,000000 -1,000000 -101,000000 0,000000 0,000000
812 1682700380 1,000000 -1,000000 -101,000000 0,000000 0,000000
812 1682700381 1,000000 -1,000000 -101,000000 0,000000 0,000000
812 1682700382 1,000000 -1,000000 -101,000000 0,000000 0,000000
812 1682700383 1,000000 -1,000000 -101,000000 0,000000 0,000000
812 1682700384 1,400000 -1,000000 -101,000000 0,000000 0,000000
812 1682700385 1,400000 -1,000000 -101,000000 0,000000 0,000000
812 1682700386 1,400000 -1,000000 -101,000000 0,000000 0,000000
812 1682700387 1,400000 -1,000000 -101,000000 0,000000 0,000000
812 1682700388 1,400000 -1,000000 -101,000000 0,000000 0,000000
812 1682700389 0,800000 -1,000000 -101,000000 0,000000 0,000000
812 1682700390 0,800000 -1,000000 -101,000000 0,000000 0,000000
812 1682700391 0,800000 -1,000000 -101,000000 0,000000 0,000000
812 1682700392 0,800000 -1,000000 -101,000000 0,000000 0,000000
812 1682700393 0,800000 -1,000000 -101,000000 0,000000 0,000000
812 1682700394 1,800000 -1,000000 -101,000000 0,000000 0,000000
812 1682700395 1,800000 -1,000000 -101,000000 0,000000 0,000000
812 1682700396 1,800000 -1,000000 -101,000000 0,000000 0,000000
812 1682700397 1,800000 -1,000000 -101,000000 0,000000 0,000000
812 1682700398 1,800000 -1,000000 -101,000000 0,000000 0,000000
812 1682700399 1,600000 -1,000000 -101,000000 0,000000 0,000000
812 1682700400 1,600000 -1,000000 -101,000000 0,000000 0,000000
812 1682700401 1,600000 -1,000000 -101,000000 0,000000 0,000000
812 1682700402 1,600000 -1,000000 -101,000000 0,000000 0,000000
812 1682700403 1,600000 -1,000000 -101,000000 0,000000 0,000000
812 1682700404 1,600000 -1,000000 -101,000000 0,000000 0,000000
812 1682700405 1,600000 -1,000000 -101,000000 0,000000 0,000000
812 1682700406 1,600000 -1,000000 -101,000000 0,000000 0,000000
812 1682700407 1,600000 -1,000000 -101,000000 0,000000 0,000000
812 1682700408 1,600000 -1,000000 -101,000000 0,000000 0,000000
812 1682700409 2,000000 -1,000000 -101,000000 0,000000 0,000000
812 1682700410 2,000000 -1,000000 -101,000000 0,000000 0,000000
812 1682700411 2,000000 -1,000000 -101,000000 0,000000 0,000000
812 1682700412 2,000000 -1,000000 -101,000000 0,000000 0,000000
812 1682700413 2,000000 -1,000000 -101,000000 0,000000 0,000000
812 1682700414 1,800000 -1,000000 -101,000000 0,000000 0,000000
812 1682700415 1,800000 -1,000000 -101,000000 0,000000 0,000000
812 1682700416 1,800000 -1,000000 -101,000000 0,000000 0,000000
812 1682700417 1,800000 -1,000000 -101,000000 0,000000 0,000000
812 1682700418 1,800000 -1,000000 -101,000000 0,000000 0,000000
812 1682700419 1,800000 -1,000000 -101,000000 0,000000 0,000000
812 1682700420 1,800000 -1,000000 -101,000000 0,000000 0,000000
812 1682700421 1,800000 -1,000000 -101,000000 0,000000 0,000000
812 1682700422 1,800000 -1,000000 -101,000000 0,000000 0,000000
812 1682700423 1,800000 -1,000000 -101,000000 0,000000 0,000000
812 1682700424 3,400000 -1,000000 -101,000000 0,000000 0,000000
812 1682700425 3,400000 -1,000000 -101,000000 0,000000 0,000000
812 1682700426 3,400000 -1,000000 -101,000000 0,000000 0,000000
812 1682700427 3,400000 -1,000000 -101,000000 0,000000 0,000000
812 1682700428 3,400000 -1,000000 -101,000000 0,000000 0,000000
812 1682700429 2,000000 -1,000000 -101,000000 0,000000 0,000000
812 1682700430 2,000000 -1,000000 -101,000000 0,000000 0,000000
812 1682700431 2,000000 -1,000000 -101,000000 0,000000 0,000000
812 1682700432 2,000000 -1,000000 -101,000000 0,000000 0,000000
812 1682700433 2,000000 -1,000000 -101,000000 0,000000 0,000000
812 1682700434 2,000000 -1,000000 -101,000000 0,000000 0,000000
812 1682700435 2,000000 -1,000000 -101,000000 0,000000 0,000000
812 1682700436 2,000000 -1,000000 -101,000000 0,000000 0,000000
812 1682700437 2,000000 -1,000000 -101,000000 0,000000 0,000000
812 1682700438 2,000000 -1,000000 -101,000000 0,000000 0,000000
812 1682700439 3,000000 -1,000000 -101,000000 0,000000 0,000000
812 1682700440 3,000000 -1,000000 -101,000000 0,000000 0,000000
812 1682700441 3,000000 -1,000000 -101,000000 0,000000 0,000000
812 1682700442 3,000000 -1,000000 -101,000000 0,000000 0,000000
812 1682700443 3,000000 -1,000000 -101,000000 0,000000 0,000000
812 1682700444 2,200000 -1,000000 -101,000000 0,000000 0,000000
812 1682700445 2,200000 -1,000000 -101,000000 0,000000 0,000000
812 1682700446 2,200000 -1,000000 -101,000000 0,000000 0,000000
812 1682700447 2,200000 -1,000000 -101,000000 0,000000 0,000000
812 1682700448 2,200000 -1,000000 -101,000000 0,000000 0,000000
812 1682700449 2,800000 -1,000000 -101,000000 0,000000 0,000000
812 1682700450 2,800000 -1,000000 -101,000000 0,000000 0,000000
812 1682700451 2,800000 -1,000000 -101,000000 0,000000 0,000000
812 1682700452 2,800000 -1,000000 -101,000000 0,000000 0,000000
812 1682700453 2,800000 -1,000000 -101,000000 0,000000 0,000000
812 1682700454 3,800000 -1,000000 -101,000000 0,000000 0,000000
812 1682700455 3,800000 -1,000000 -101,000000 0,000000 0,000000
812 1682700456 3,800000 -1,000000 -101,000000 0,000000 0,000000
812 1682700457 3,800000 -1,000000 -101,000000 0,000000 0,000000
812 1682700458 3,800000 -1,000000 -101,000000 0,000000 0,000000
812 1682700459 3,000000 -1,000000 -101,000000 0,000000 0,000000
812 1682700460 3,000000 -1,000000 -101,000000 0,000000 0,000000
812 1682700461 3,000000 -1,000000 -101,000000 0,000000 0,000000
812 1682700462 3,000000 -1,000000 -101,000000 0,000000 0,000000
812 1682700463 3,000000 -1,000000 -101,000000 0,000000 0,000000
812 1682700464 2,400000 -1,000000 -101,000000 0,000000 0,000000
812 1682700465 2,400000 -1,000000 -101,000000 0,000000 0,000000
812 1682700466 2,400000 -1,000000 -101,000000 0,000000 0,000000
812 1682700467 2,400000 -1,000000 -101,000000 0,000000 0,000000
812 1682700468 2,400000 -1,000000 -101,000000 0,000000 0,000000
812 1682700469 3,400000 -1,000000 -101,000000 0,000000 0,000000
812 1682700470 3,400000 -1,000000 -101,000000 0,000000 0,000000
812 1682700471 3,400000 -1,000000 -101,000000 0,000000 0,000000
812 1682700472 3,400000 -1,000000 -101,000000 0,000000 0,000000
812 1682700473 3,400000 -1,000000 -101,000000 0,000000 0,000000
812 1682700474 3,200000 -1,000000 -101,000000 0,000000 0,000000
812 1682700475 3,200000 -1,000000 -101,000000 0,000000 0,000000
812 1682700476 3,200000 -1,000000 -101,000000 0,000000 0,000000
812 1682700477 3,200000 -1,000000 -101,000000 0,000000 0,000000
812 1682700478 3,200000 -1,000000 -101,000000 0,000000 0,000000
812 1682700479 3,800000 -1,000000 -101,000000 0,000000 0,000000
812 1682700480 3,800000 -1,000000 -101,000000 0,000000 0,000000
812 1682700481 3,800000 -1,000000 -101,000000 0,000000 0,000000
812 1682700482 3,800000 -1,000000 -101,000000 0,000000 0,000000
812 1682700483 3,800000 -1,000000 -101,000000 0,000000 0,000000
812 1682700484 3,800000 -1,000000 -101,000000 0,000000 0,000000
812 1682700485 3,800000 -1,000000 -101,000000 0,000000 0,000000
812 1682700486 3,800000 -1,000000 -101,000000 0,000000 0,000000
812 1682700487 3,800000 -1,000000 -101,000000 0,000000 0,000000
812 1682700488 3,800000 -1,000000 -101,000000 0,000000 0,000000
812 1682700489 2,600000 -1,000000 -101,000000 0,000000 0,000000
812 1682700490 2,600000 -1,000000 -101,000000 0,000000 0,000000
812 1682700491 2,600000 -1,000000 -101,000000 0,000000 0,000000
812 1682700492 2,600000 -1,000000 -101,000000 0,000000 0,000000
812 1682700493 2,600000 -1,000000 -101,000000 0,000000 0,000000
812 1682700494 2,600000 -1,000000 -101,000000 0,000000 0,000000
812 1682700495 2,600000 -1,000000 -101,000000 0,000000 0,000000
812 1682700496 2,600000 -1,000000 -101,000000 0,000000 0,000000
812 1682700497 2,600000 -1,000000 -101,000000 0,000000 0,000000
812 1682700498 2,600000 -1,000000 -101,000000 0,000000 0,000000
812 1682700499 5,000000 -1,000000 -101,000000 0,000000 0,000000
812 1682700500 5,000000 -1,000000 -101,000000 0,000000 0,000000
812 1682700501 5,000000 -1,000000 -101,000000 0,000000 0,000000
812 1682700502 5,000000 -1,000000 -101,000000 0,000000 0,000000
812 1682700503 5,000000 -1,000000 -101,000000 0,000000 0,000000
812 1682700504 3,200000 -1,000000 -101,000000 0,000000 0,000000
812 1682700505 3,200000 -1,000000 -101,000000 0,000000 0,000000
812 1682700506 3,200000 -1,000000 -101,000000 0,000000 0,000000
812 1682700507 3,200000 -1,000000 -101,000000 0,000000 0,000000
812 1682700508 3,200000 -1,000000 -101,000000 0,000000 0,000000
812 1682700509 2,600000 -1,000000 -101,000000 0,000000 0,000000
812 1682700510 2,600000 -1,000000 -101,000000 0,000000 0,000000
812 1682700511 2,600000 -1,000000 -101,000000 0,000000 0,000000
812 1682700512 2,600000 -1,000000 -101,000000 0,000000 0,000000
812 1682700513 2,600000 -1,000000 -101,000000 0,000000 0,000000
812 1682700514 3,800000 -1,000000 -101,000000 0,000000 0,000000
812 1682700515 3,800000 -1,000000 -101,000000 0,000000 0,000000
812 1682700516 3,800000 -1,000000 -101,000000 0,000000 0,000000
812 1682700517 3,800000 -1,000000 -101,000000 0,000000 0,000000
812 1682700518 3,800000 -1,000000 -101,000000 0,000000 0,000000
812 1682700519 3,000000 -1,000000 -101,000000 0,000000 0,000000
812 1682700520 3,000000 -1,000000 -101,000000 0,000000 0,000000
812 1682700521 3,000000 -1,000000 -101,000000 0,000000 0,000000
812 1682700522 3,000000 -1,000000 -101,000000 0,000000 0,000000
812 1682700523 3,000000 -1,000000 -101,000000 0,000000 0,000000
812 1682700524 3,200000 -1,000000 -101,000000 0,000000 0,000000
812 1682700525 3,200000 -1,000000 -101,000000 0,000000 0,000000
812 1682700526 3,200000 -1,000000 -101,000000 0,000000 0,000000
812 1682700527 3,200000 -1,000000 -101,000000 0,000000 0,000000
812 1682700528 3,200000 -1,000000 -101,000000 0,000000 0,000000
812 1682700529 4,400000 -1,000000 -101,000000 0,000000 0,000000
812 1682700530 4,400000 -1,000000 -101,000000 0,000000 0,000000
812 1682700531 4,400000 -1,000000 -101,000000 0,000000 0,000000
812 1682700532 4,400000 -1,000000 -101,000000 0,000000 0,000000
812 1682700533 4,400000 -1,000000 -101,000000 0,000000 0,000000
812 1682700534 2,400000 -1,000000 -101,000000 0,000000 0,000000
812 1682700535 2,400000 -1,000000 -101,000000 0,000000 0,000000
812 1682700536 2,400000 -1,000000 -101,000000 0,000000 0,000000
812 1682700537 2,400000 -1,000000 -101,000000 0,000000 0,000000
812 1682700538 2,400000 -1,000000 -101,000000 0,000000 0,000000
812 1682700539 3,000000 -1,000000 -101,000000 0,000000 0,000000
812 1682700540 3,000000 -1,000000 -101,000000 0,000000 0,000000
812 1682700541 3,000000 -1,000000 -101,000000 0,000000 0,000000
812 1682700542 3,000000 -1,000000 -101,000000 0,000000 0,000000
812 1682700543 3,000000 -1,000000 -101,000000 0,000000 0,000000
812 1682700544 3,200000 -1,000000 -101,000000 0,000000 0,000000
812 1682700545 3,200000 -1,000000 -101,000000 0,000000 0,000000
812 1682700546 3,200000 -1,000000 -101,000000 0,000000 0,000000
812 1682700547 3,200000 -1,000000 -101,000000 0,000000 0,000000
812 1682700548 3,200000 -1,000000 -101,000000 0,000000 0,000000
812 1682700549 2,400000 -1,000000 -101,000000 0,000000 0,000000
812 1682700550 2,400000 -1,000000 -101,000000 0,000000 0,000000
812 1682700551 2,400000 -1,000000 -101,000000 0,000000 0,000000
812 1682700552 2,400000 -1,000000 -101,000000 0,000000 0,000000
812 1682700553 2,400000 -1,000000 -101,000000 0,000000 0,000000
812 1682700554 3,800000 -1,000000 -101,000000 0,000000 0,000000
812 1682700555 3,800000 -1,000000 -101,000000 0,000000 0,000000
812 1682700556 3,800000 -1,000000 -101,000000 0,000000 0,000000
812 1682700557 3,800000 -1,000000 -101,000000 0,000000 0,000000
812 1682700558 3,800000 -1,000000 -101,000000 0,000000 0,000000
812 1682700559 4,400000 -1,000000 -101,000000 0,000000 0,000000
812 1682700560 4,400000 -1,000000 -101,000000 0,000000 0,000000
812 1682700561 4,400000 -1,000000 -101,000000 0,000000 0,000000
812 1682700562 4,400000 -1,000000 -101,000000 0,000000 0,000000
812 1682700563 4,400000 -1,000000 -101,000000 0,000000 0,000000
812 1682700564 3,200000 -1,000000 -101,000000 0,000000 0,000000
812 1682700565 3,200000 -1,000000 -101,000000 0,000000 0,000000
812 1682700566 3,200000 -1,000000 -101,000000 0,000000 0,000000
812 1682700567 3,200000 -1,000000 -101,000000 0,000000 0,000000
812 1682700568 3,200000 -1,000000 -101,000000 0,000000 0,000000
812 1682700569 1,800000 -1,000000 -101,000000 0,000000 0,000000
812 1682700570 1,800000 -1,000000 -101,000000 0,000000 0,000000
812 1682700571 1,800000 -1,000000 -101,000000 0,000000 0,000000
812 1682700572 1,800000 -1,000000 -101,000000 0,000000 0,000000
812 1682700573 1,800000 -1,000000 -101,000000 0,000000 0,000000
812 1682700574 3,000000 -1,000000 -101,000000 0,000000 0,000000
812 1682700575 3,000000 -1,000000 -101,000000 0,000000 0,000000
812 1682700576 3,000000 -1,000000 -101,000000 0,000000 0,000000
812 1682700577 3,000000 -1,000000 -101,000000 0,000000 0,000000
812 1682700578 3,000000 -1,000000 -101,000000 0,000000 0,000000
812 1682700579 4,200000 -1,000000 -101,000000 0,000000 0,000000
812 1682700580 4,200000 -1,000000 -101,000000 0,000000 0,000000
812 1682700581 4,200000 -1,000000 -101,000000 0,000000 0,000000
812 1682700582 4,200000 -1,000000 -101,000000 0,000000 0,000000
812 1682700583 4,200000 -1,000000 -101,000000 0,000000 0,000000
812 1682700584 3,200000 -1,000000 -101,000000 0,000000 0,000000
812 1682700585 3,200000 -1,000000 -101,000000 0,000000 0,000000
812 1682700586 3,200000 -1,000000 -101,000000 0,000000 0,000000
812 1682700587 3,200000 -1,000000 -101,000000 0,000000 0,000000
812 1682700588 3,200000 -1,000000 -101,000000 0,000000 0,000000
812 1682700589 3,200000 -1,000000 -101,000000 0,000000 0,000000
812 1682700590 3,200000 -1,000000 -101,000000 0,000000 0,000000
812 1682700591 3,200000 -1,000000 -101,000000 0,000000 0,000000
812 1682700592 3,200000 -1,000000 -101,000000 0,000000 0,000000
812 1682700593 3,200000 -1,000000 -101,000000 0,000000 0,000000
812 1682700594 3,200000 -1,000000 -101,000000 0,000000 0,000000
812 1682700595 3,200000 -1,000000 -101,000000 0,000000 0,000000
812 1682700596 3,200000 -1,000000 -101,000000 0,000000 0,000000
812 1682700597 3,200000 -1,000000 -101,000000 0,000000 0,000000
812 1682700598 3,200000 -1,000000 -101,000000 0,000000 0,000000
812 1682700599 2,600000 -1,000000 -101,000000 0,000000 0,000000
812 1682700600 2,600000 -1,000000 -101,000000 0,000000 0,000000
812 1682700601 2,600000 -1,000000 -101,000000 0,000000 0,000000
812 1682700602 2,600000 -1,000000 -101,000000 0,000000 0,000000
812 1682700603 2,600000 -1,000000 -101,000000 0,000000 0,000000
812 1682700604 5,000000 -1,000000 -101,000000 0,000000 0,000000
812 1682700605 5,000000 -1,000000 -101,000000 0,000000 0,000000
812 1682700606 5,000000 -1,000000 -101,000000 0,000000 0,000000
812 1682700607 5,000000 -1,000000 -101,000000 0,000000 0,000000
812 1682700608 5,000000 -1,000000 -101,000000 0,000000 0,000000
812 1682700609 3,200000 -1,000000 -101,000000 0,000000 0,000000
812 1682700610 3,200000 -1,000000 -101,000000 0,000000 0,000000
812 1682700611 3,200000 -1,000000 -101,000000 0,000000 0,000000
812 1682700612 3,200000 -1,000000 -101,000000 0,000000 0,000000
812 1682700613 3,200000 -1,000000 -101,000000 0,000000 0,000000
812 1682700614 2,400000 -1,000000 -101,000000 0,000000 0,000000
812 1682700615 2,400000 -1,000000 -101,000000 0,000000 0,000000
812 1682700616 2,400000 -1,000000 -101,000000 0,000000 0,000000
812 1682700617 2,400000 -1,000000 -101,000000 0,000000 0,000000
812 1682700618 2,400000 -1,000000 -101,000000 0,000000 0,000000
812 1682700619 3,200000 -1,000000 -101,000000 0,000000 0,000000
812 1682700620 3,200000 -1,000000 -101,000000 0,000000 0,000000
812 1682700621 3,200000 -1,000000 -101,000000 0,000000 0,000000
812 1682700622 3,200000 -1,000000 -101,000000 0,000000 0,000000
812 1682700623 3,200000 -1,000000 -101,000000 0,000000 0,000000
812 1682700624 3,800000 -1,000000 -101,000000 0,000000 0,000000
812 1682700625 3,800000 -1,000000 -101,000000 0,000000 0,000000
812 1682700626 3,800000 -1,000000 -101,000000 0,000000 0,000000
812 1682700627 3,800000 -1,000000 -101,000000 0,000000 0,000000
812 1682700628 3,800000 -1,000000 -101,000000 0,000000 0,000000
812 1682700629 3,800000 -1,000000 -101,000000 0,000000 0,000000
812 1682700630 3,800000 -1,000000 -101,000000 0,000000 0,000000
812 1682700631 3,800000 -1,000000 -101,000000 0,000000 0,000000
812 1682700632 3,800000 -1,000000 -101,000000 0,000000 0,000000
812 1682700633 3,800000 -1,000000 -101,000000 0,000000 0,000000
812 1682700634 2,400000 -1,000000 -101,000000 0,000000 0,000000
812 1682700635 2,400000 -1,000000 -101,000000 0,000000 0,000000
812 1682700636 2,400000 -1,000000 -101,000000 0,000000 0,000000
812 1682700637 2,400000 -1,000000 -101,000000 0,000000 0,000000
812 1682700638 2,400000 -1,000000 -101,000000 0,000000 0,000000
812 1682700639 3,600000 -1,000000 -101,000000 0,000000 0,000000
812 1682700640 3,600000 -1,000000 -101,000000 0,000000 0,000000
812 1682700641 3,600000 -1,000000 -101,000000 0,000000 0,000000
812 1682700642 3,600000 -1,000000 -101,000000 0,000000 0,000000
812 1682700643 3,600000 -1,000000 -101,000000 0,000000 0,000000
812 1682700644 3,200000 -1,000000 -101,000000 0,000000 0,000000
812 1682700645 3,200000 -1,000000 -101,000000 0,000000 0,000000
812 1682700646 3,200000 -1,000000 -101,000000 0,000000 0,000000
812 1682700647 3,200000 -1,000000 -101,000000 0,000000 0,000000
812 1682700648 3,200000 -1,000000 -101,000000 0,000000 0,000000
812 1682700649 2,600000 -1,000000 -101,000000 0,000000 0,000000
812 1682700650 2,600000 -1,000000 -101,000000 0,000000 0,000000
812 1682700651 2,600000 -1,000000 -101,000000 0,000000 0,000000
812 1682700652 2,600000 -1,000000 -101,000000 0,000000 0,000000
812 1682700653 2,600000 -1,000000 -101,000000 0,000000 0,000000
812 1682700654 4,400000 -1,000000 -101,000000 0,000000 0,000000
812 1682700655 4,400000 -1,000000 -101,000000 0,000000 0,000000
812 1682700656 4,400000 -1,000000 -101,000000 0,000000 0,000000
812 1682700657 4,400000 -1,000000 -101,000000 0,000000 0,000000
812 1682700658 4,400000 -1,000000 -101,000000 0,000000 0,000000
812 1682700659 3,200000 -1,000000 -101,000000 0,000000 0,000000
812 1682700660 3,200000 -1,000000 -101,000000 0,000000 0,000000
812 1682700661 3,200000 -1,000000 -101,000000 0,000000 0,000000
812 1682700662 3,200000 -1,000000 -101,000000 0,000000 0,000000
812 1682700663 3,200000 -1,000000 -101,000000 0,000000 0,000000
812 1682700664 3,200000 -1,000000 -101,000000 0,000000 0,000000
812 1682700665 3,200000 -1,000000 -101,000000 0,000000 0,000000
812 1682700666 3,200000 -1,000000 -101,000000 0,000000 0,000000
812 1682700667 3,200000 -1,000000 -101,000000 0,000000 0,000000
812 1682700668 3,200000 -1,000000 -101,000000 0,000000 0,000000
812 1682700669 3,800000 -1,000000 -101,000000 0,000000 0,000000
812 1682700670 3,800000 -1,000000 -101,000000 0,000000 0,000000
812 1682700671 3,800000 -1,000000 -101,000000 0,000000 0,000000
812 1682700672 3,800000 -1,000000 -101,000000 0,000000 0,000000
812 1682700673 3,800000 -1,000000 -101,000000 0,000000 0,000000
812 1682700674 2,600000 -1,000000 -101,000000 0,000000 0,000000
812 1682700675 2,600000 -1,000000 -101,000000 0,000000 0,000000
812 1682700676 2,600000 -1,000000 -101,000000 0,000000 0,000000
812 1682700677 2,600000 -1,000000 -101,000000 0,000000 0,000000
812 1682700678 2,600000 -1,000000 -101,000000 0,000000 0,000000
812 1682700679 3,200000 -1,000000 -101,000000 0,000000 0,000000
812 1682700680 3,200000 -1,000000 -101,000000 0,000000 0,000000
812 1682700681 3,200000 -1,000000 -101,000000 0,000000 0,000000
812 1682700682 3,200000 -1,000000 -101,000000 0,000000 0,000000
812 1682700683 3,200000 -1,000000 -101,000000 0,000000 0,000000
812 1682700684 5,000000 -1,000000 -101,000000 0,000000 0,000000
812 1682700685 5,000000 -1,000000 -101,000000 0,000000 0,000000
812 1682700686 5,000000 -1,000000 -101,000000 0,000000 0,000000
812 1682700687 5,000000 -1,000000 -101,000000 0,000000 0,000000
812 1682700688 5,000000 -1,000000 -101,000000 0,000000 0,000000
812 1682700689 2,600000 -1,000000 -101,000000 0,000000 0,000000
812 1682700690 2,600000 -1,000000 -101,000000 0,000000 0,000000
812 1682700691 2,600000 -1,000000 -101,000000 0,000000 0,000000
812 1682700692 2,600000 -1,000000 -101,000000 0,000000 0,000000
812 1682700693 2,600000 -1,000000 -101,000000 0,000000 0,000000
812 1682700694 2,600000 -1,000000 -101,000000 0,000000 0,000000
812 1682700695 2,600000 -1,000000 -101,000000 0,000000 0,000000
812 1682700696 2,600000 -1,000000 -101,000000 0,000000 0,000000
812 1682700697 2,600000 -1,000000 -101,000000 0,000000 0,000000
812 1682700698 2,600000 -1,000000 -101,000000 0,000000 0,000000
812 1682700699 3,800000 -1,000000 -101,000000 0,000000 0,000000
812 1682700700 3,800000 -1,000000 -101,000000 0,000000 0,000000
812 1682700701 3,800000 -1,000000 -101,000000 0,000000 0,000000
812 1682700702 3,800000 -1,000000 -101,000000 0,000000 0,000000
812 1682700703 3,800000 -1,000000 -101,000000 0,000000 0,000000
812 1682700704 3,800000 -1,000000 -101,000000 0,000000 0,000000
812 1682700705 3,800000 -1,000000 -101,000000 0,000000 0,000000
812 1682700706 3,800000 -1,000000 -101,000000 0,000000 0,000000
812 1682700707 3,800000 -1,000000 -101,000000 0,000000 0,000000
812 1682700708 3,800000 -1,000000 -101,000000 0,000000 0,000000
812 1682700709 3,200000 -1,000000 -101,000000 0,000000 0,000000
812 1682700710 3,200000 -1,000000 -101,000000 0,000000 0,000000
812 1682700711 3,200000 -1,000000 -101,000000 0,000000 0,000000
812 1682700712 3,200000 -1,000000 -101,000000 0,000000 0,000000
812 1682700713 3,200000 -1,000000 -101,000000 0,000000 0,000000
812 1682700714 3,800000 -1,000000 -101,000000 0,000000 0,000000
812 1682700715 3,800000 -1,000000 -101,000000 0,000000 0,000000
812 1682700716 3,800000 -1,000000 -101,000000 0,000000 0,000000
812 1682700717 3,800000 -1,000000 -101,000000 0,000000 0,000000
812 1682700718 3,800000 -1,000000 -101,000000 0,000000 0,000000
812 1682700719 2,600000 -1,000000 -101,000000 0,000000 0,000000
812 1682700720 2,600000 -1,000000 -101,000000 0,000000 0,000000
812 1682700721 2,600000 -1,000000 -101,000000 0,000000 0,000000
812 1682700722 2,600000 -1,000000 -101,000000 0,000000 0,000000
812 1682700723 2,600000 -1,000000 -101,000000 0,000000 0,000000
812 1682700724 3,200000 -1,000000 -101,000000 0,000000 0,000000
812 1682700725 3,200000 -1,000000 -101,000000 0,000000 0,000000
812 1682700726 3,200000 -1,000000 -101,000000 0,000000 0,000000
812 1682700727 3,200000 -1,000000 -101,000000 0,000000 0,000000
812 1682700728 3,200000 -1,000000 -101,000000 0,000000 0,000000
812 1682700729 4,000000 -1,000000 -101,000000 0,000000 0,000000
812 1682700730 4,000000 -1,000000 -101,000000 0,000000 0,000000
812 1682700731 4,000000 -1,000000 -101,000000 0,000000 0,000000
812 1682700732 4,000000 -1,000000 -101,000000 0,000000 0,000000
812 1682700733 4,000000 -1,000000 -101,000000 0,000000 0,000000
812 1682700734 2,600000 -1,000000 -101,000000 0,000000 0,000000
812 1682700735 2,600000 -1,000000 -101,000000 0,000000 0,000000
812 1682700736 2,600000 -1,000000 -101,000000 0,000000 0,000000
812 1682700737 2,600000 -1,000000 -101,000000 0,000000 0,000000
812 1682700738 2,600000 -1,000000 -101,000000 0,000000 0,000000
812 1682700739 2,600000 -1,000000 -101,000000 0,000000 0,000000
812 1682700740 2,600000 -1,000000 -101,000000 0,000000 0,000000
812 1682700741 2,600000 -1,000000 -101,000000 0,000000 0,000000
812 1682700742 2,600000 -1,000000 -101,000000 0,000000 0,000000
812 1682700743 2,600000 -1,000000 -101,000000 0,000000 0,000000
812 1682700744 4,400000 -1,000000 -101,000000 0,000000 0,000000
812 1682700745 4,400000 -1,000000 -101,000000 0,000000 0,000000
812 1682700746 4,400000 -1,000000 -101,000000 0,000000 0,000000
812 1682700747 4,400000 -1,000000 -101,000000 0,000000 0,000000
812 1682700748 4,400000 -1,000000 -101,000000 0,000000 0,000000
812 1682700749 3,200000 -1,000000 -101,000000 0,000000 0,000000
812 1682700750 3,200000 -1,000000 -101,000000 0,000000 0,000000
812 1682700751 3,200000 -1,000000 -101,000000 0,000000 0,000000
812 1682700752 3,200000 -1,000000 -101,000000 0,000000 0,000000
812 1682700753 3,200000 -1,000000 -101,000000 0,000000 0,000000
812 1682700754 2,600000 -1,000000 -101,000000 0,000000 0,000000
812 1682700755 2,600000 -1,000000 -101,000000 0,000000 0,000000
812 1682700756 2,600000 -1,000000 -101,000000 0,000000 0,000000
812 1682700757 2,600000 -1,000000 -101,000000 0,000000 0,000000
812 1682700758 2,600000 -1,000000 -101,000000 0,000000 0,000000
812 1682700759 4,400000 -1,000000 -101,000000 0,000000 0,000000
812 1682700760 4,400000 -1,000000 -101,000000 0,000000 0,000000
812 1682700761 4,400000 -1,000000 -101,000000 0,000000 0,000000
812 1682700762 4,400000 -1,000000 -101,000000 0,000000 0,000000
812 1682700763 4,400000 -1,000000 -101,000000 0,000000 0,000000
812 1682700764 3,200000 -1,000000 -101,000000 0,000000 0,000000
812 1682700765 3,200000 -1,000000 -101,000000 0,000000 0,000000
812 1682700766 3,200000 -1,000000 -101,000000 0,000000 0,000000
812 1682700767 3,200000 -1,000000 -101,000000 0,000000 0,000000
812 1682700768 3,200000 -1,000000 -101,000000 0,000000 0,000000
812 1682700769 3,000000 -1,000000 -101,000000 0,000000 0,000000
812 1682700770 3,000000 -1,000000 -101,000000 0,000000 0,000000
812 1682700771 3,000000 -1,000000 -101,000000 0,000000 0,000000
812 1682700772 3,000000 -1,000000 -101,000000 0,000000 0,000000
812 1682700773 3,000000 -1,000000 -101,000000 0,000000 0,000000
812 1682700774 3,000000 -1,000000 -101,000000 0,000000 0,000000
812 1682700775 3,000000 -1,000000 -101,000000 0,000000 0,000000
812 1682700776 3,000000 -1,000000 -101,000000 0,000000 0,000000
812 1682700777 3,000000 -1,000000 -101,000000 0,000000 0,000000
812 1682700778 3,000000 -1,000000 -101,000000 0,000000 0,000000
812 1682700779 3,200000 -1,000000 -101,000000 0,000000 0,000000
812 1682700780 3,200000 -1,000000 -101,000000 0,000000 0,000000
812 1682700781 3,200000 -1,000000 -101,000000 0,000000 0,000000
812 1682700782 3,200000 -1,000000 -101,000000 0,000000 0,000000
812 1682700783 3,200000 -1,000000 -101,000000 0,000000 0,000000
812 1682700784 3,200000 -1,000000 -101,000000 0,000000 0,000000
812 1682700785 3,200000 -1,000000 -101,000000 0,000000 0,000000
812 1682700786 3,200000 -1,000000 -101,000000 0,000000 0,000000
812 1682700787 3,200000 -1,000000 -101,000000 0,000000 0,000000
812 1682700788 3,200000 -1,000000 -101,000000 0,000000 0,000000
812 1682700789 4,400000 -1,000000 -101,000000 0,000000 0,000000
812 1682700790 4,400000 -1,000000 -101,000000 0,000000 0,000000
812 1682700791 4,400000 -1,000000 -101,000000 0,000000 0,000000
812 1682700792 4,400000 -1,000000 -101,000000 0,000000 0,000000
812 1682700793 4,400000 -1,000000 -101,000000 0,000000 0,000000
812 1682700794 2,600000 -1,000000 -101,000000 0,000000 0,000000
812 1682700795 2,600000 -1,000000 -101,000000 0,000000 0,000000
812 1682700796 2,600000 -1,000000 -101,000000 0,000000 0,000000
812 1682700797 2,600000 -1,000000 -101,000000 0,000000 0,000000
812 1682700798 2,600000 -1,000000 -101,000000 0,000000 0,000000
812 1682700799 2,600000 -1,000000 -101,000000 0,000000 0,000000
812 1682700800 2,600000 -1,000000 -101,000000 0,000000 0,000000
812 1682700801 2,600000 -1,000000 -101,000000 0,000000 0,000000
812 1682700802 2,600000 -1,000000 -101,000000 0,000000 0,000000
812 1682700803 2,600000 -1,000000 -101,000000 0,000000 0,000000
812 1682700804 4,200000 -1,000000 -101,000000 0,000000 0,000000
812 1682700805 4,200000 -1,000000 -101,000000 0,000000 0,000000
812 1682700806 4,200000 -1,000000 -101,000000 0,000000 0,000000
812 1682700807 4,200000 -1,000000 -101,000000 0,000000 0,000000
812 1682700808 4,200000 -1,000000 -101,000000 0,000000 0,000000
812 1682700809 4,400000 -1,000000 -101,000000 0,000000 0,000000
812 1682700810 4,400000 -1,000000 -101,000000 0,000000 0,000000
812 1682700811 4,400000 -1,000000 -101,000000 0,000000 0,000000
812 1682700812 4,400000 -1,000000 -101,000000 0,000000 0,000000
812 1682700813 4,400000 -1,000000 -101,000000 0,000000 0,000000
812 1682700814 2,000000 -1,000000 -101,000000 0,000000 0,000000
812 1682700815 2,000000 -1,000000 -101,000000 0,000000 0,000000
812 1682700816 2,000000 -1,000000 -101,000000 0,000000 0,000000
812 1682700817 2,000000 -1,000000 -101,000000 0,000000 0,000000
812 1682700818 2,000000 -1,000000 -101,000000 0,000000 0,000000
812 1682700819 3,200000 -1,000000 -101,000000 0,000000 0,000000
812 1682700820 3,200000 -1,000000 -101,000000 0,000000 0,000000
812 1682700821 3,200000 -1,000000 -101,000000 0,000000 0,000000
812 1682700822 3,200000 -1,000000 -101,000000 0,000000 0,000000
812 1682700823 3,200000 -1,000000 -101,000000 0,000000 0,000000
812 1682700824 3,000000 -1,000000 -101,000000 0,000000 0,000000
812 1682700825 3,000000 -1,000000 -101,000000 0,000000 0,000000
812 1682700826 3,000000 -1,000000 -101,000000 0,000000 0,000000
812 1682700827 3,000000 -1,000000 -101,000000 0,000000 0,000000
812 1682700828 3,000000 -1,000000 -101,000000 0,000000 0,000000
812 1682700829 3,800000 -1,000000 -101,000000 0,000000 0,000000
812 1682700830 3,800000 -1,000000 -101,000000 0,000000 0,000000
812 1682700831 3,800000 -1,000000 -101,000000 0,000000 0,000000
812 1682700832 3,800000 -1,000000 -101,000000 0,000000 0,000000
812 1682700833 3,800000 -1,000000 -101,000000 0,000000 0,000000
812 1682700834 3,800000 -1,000000 -101,000000 0,000000 0,000000
812 1682700835 3,800000 -1,000000 -101,000000 0,000000 0,000000
812 1682700836 3,800000 -1,000000 -101,000000 0,000000 0,000000
812 1682700837 3,800000 -1,000000 -101,000000 0,000000 0,000000
812 1682700838 3,800000 -1,000000 -101,000000 0,000000 0,000000
812 1682700839 3,200000 -1,000000 -101,000000 0,000000 0,000000
812 1682700840 3,200000 -1,000000 -101,000000 0,000000 0,000000
812 1682700841 3,200000 -1,000000 -101,000000 0,000000 0,000000
812 1682700842 3,200000 -1,000000 -101,000000 0,000000 0,000000
812 1682700843 3,200000 -1,000000 -101,000000 0,000000 0,000000
812 1682700844 2,600000 -1,000000 -101,000000 0,000000 0,000000
812 1682700845 2,600000 -1,000000 -101,000000 0,000000 0,000000
812 1682700846 2,600000 -1,000000 -101,000000 0,000000 0,000000
812 1682700847 2,600000 -1,000000 -101,000000 0,000000 0,000000
812 1682700848 2,600000 -1,000000 -101,000000 0,000000 0,000000
812 1682700849 4,400000 -1,000000 -101,000000 0,000000 0,000000
812 1682700850 4,400000 -1,000000 -101,000000 0,000000 0,000000
812 1682700851 4,400000 -1,000000 -101,000000 0,000000 0,000000
812 1682700852 4,400000 -1,000000 -101,000000 0,000000 0,000000
812 1682700853 4,400000 -1,000000 -101,000000 0,000000 0,000000
812 1682700854 2,600000 -1,000000 -101,000000 0,000000 0,000000
812 1682700855 2,600000 -1,000000 -101,000000 0,000000 0,000000
812 1682700856 2,600000 -1,000000 -101,000000 0,000000 0,000000
812 1682700857 2,600000 -1,000000 -101,000000 0,000000 0,000000
812 1682700858 2,600000 -1,000000 -101,000000 0,000000 0,000000
812 1682700859 3,800000 -1,000000 -101,000000 0,000000 0,000000
812 1682700860 3,800000 -1,000000 -101,000000 0,000000 0,000000
812 1682700861 3,800000 -1,000000 -101,000000 0,000000 0,000000
812 1682700862 3,800000 -1,000000 -101,000000 0,000000 0,000000
812 1682700863 3,800000 -1,000000 -101,000000 0,000000 0,000000
812 1682700864 3,000000 -1,000000 -101,000000 0,000000 0,000000
812 1682700865 3,000000 -1,000000 -101,000000 0,000000 0,000000
812 1682700866 3,000000 -1,000000 -101,000000 0,000000 0,000000
812 1682700928 2,600000 -1,000000 2,600000 2,600000 0,000000
812 1682700927 2,600000 -1,000000 2,600000 2,600000 0,000000
812 1682700926 2,600000 -1,000000 2,600000 2,600000 0,000000
812 1682700925 2,600000 -1,000000 2,600000 2,600000 0,000000
812 1682700924 2,600000 -1,000000 2,600000 2,600000 0,000000
812 1682700923 2,400000 -1,000000 2,400000 2,400000 0,000000
812 1682700922 2,400000 -1,000000 2,400000 2,400000 0,000000
812 1682700921 2,400000 -1,000000 2,400000 2,400000 0,000000
812 1682700920 2,400000 -1,000000 2,400000 2,400000 0,000000
812 1682700919 2,400000 -1,000000 2,400000 2,400000 0,000000
812 1682700918 4,400000 -1,000000 4,400000 4,400000 0,000000
812 1682700917 4,400000 -1,000000 4,400000 4,400000 0,000000
812 1682700916 4,400000 -1,000000 4,400000 4,400000 0,000000
812 1682700915 4,400000 -1,000000 4,400000 4,400000 0,000000
812 1682700914 4,400000 -1,000000 4,400000 4,400000 0,000000
812 1682700913 3,800000 -1,000000 3,800000 3,800000 0,000000
812 1682700912 3,800000 -1,000000 3,800000 3,800000 0,000000
812 1682700911 3,800000 -1,000000 3,800000 3,800000 0,000000
812 1682700910 3,800000 -1,000000 3,800000 3,800000 0,000000
812 1682700909 3,800000 -1,000000 3,800000 3,800000 0,000000
812 1682700908 2,600000 -1,000000 2,600000 2,600000 0,000000
812 1682700907 2,600000 -1,000000 2,600000 2,600000 0,000000
812 1682700906 2,600000 -1,000000 2,600000 2,600000 0,000000
812 1682700905 2,600000 -1,000000 2,600000 2,600000 0,000000
812 1682700904 2,600000 -1,000000 2,600000 2,600000 0,000000
812 1682700903 3,800000 -1,000000 3,800000 3,800000 0,000000
812 1682700902 3,800000 -1,000000 3,800000 3,800000 0,000000
812 1682700901 3,800000 -1,000000 3,800000 3,800000 0,000000
812 1682700900 3,800000 -1,000000 3,800000 3,800000 0,000000
812 1682700899 3,800000 -1,000000 3,800000 3,800000 0,000000
812 1682700898 2,200000 -1,000000 2,200000 2,200000 0,000000
812 1682700897 2,200000 -1,000000 2,200000 2,200000 0,000000
812 1682700896 2,200000 -1,000000 2,200000 2,200000 0,000000
812 1682700895 2,200000 -1,000000 2,200000 2,200000 0,000000
812 1682700894 2,200000 -1,000000 2,200000 2,200000 0,000000
812 1682700893 3,200000 -1,000000 3,200000 3,200000 0,000000
812 1682700892 3,200000 -1,000000 3,200000 3,200000 0,000000
812 1682700891 3,200000 -1,000000 3,200000 3,200000 0,000000
812 1682700890 3,200000 -1,000000 3,200000 3,200000 0,000000
812 1682700889 3,200000 -1,000000 3,200000 3,200000 0,000000
812 1682700888 5,000000 -1,000000 5,000000 5,000000 0,000000
812 1682700887 5,000000 -1,000000 5,000000 5,000000 0,000000
812 1682700886 5,000000 -1,000000 5,000000 5,000000 0,000000
812 1682700885 5,000000 -1,000000 5,000000 5,000000 0,000000
812 1682700884 5,000000 -1,000000 5,000000 5,000000 0,000000
812 1682700883 2,400000 -1,000000 2,400000 2,400000 0,000000
812 1682700882 2,400000 -1,000000 2,400000 2,400000 0,000000
812 1682700881 2,400000 -1,000000 2,400000 2,400000 0,000000
812 1682700880 2,400000 -1,000000 2,400000 2,400000 0,000000
812 1682700879 2,400000 -1,000000 2,400000 2,400000 0,000000
812 1682700878 2,600000 -1,000000 2,600000 2,600000 0,000000
812 1682700877 2,600000 -1,000000 2,600000 2,600000 0,000000
812 1682700876 2,600000 -1,000000 2,600000 2,600000 0,000000
812 1682700875 2,600000 -1,000000 2,600000 2,600000 0,000000
812 1682700874 2,600000 -1,000000 2,600000 2,600000 0,000000
812 1682700873 3,800000 -1,000000 3,800000 3,800000 0,000000
812 1682700872 3,800000 -1,000000 3,800000 3,800000 0,000000
812 1682700871 3,800000 -1,000000 3,800000 3,800000 0,000000
812 1682700870 3,800000 -1,000000 3,800000 3,800000 0,000000
812 1682700869 3,800000 -1,000000 3,800000 3,800000 0,000000
812 1682700868 3,000000 -1,000000 3,000000 3,000000 0,000000
812 1682700867 3,000000 -1,000000 3,000000 3,000000 0,000000
812 1682700867 3,000000 -1,000000 -101,000000 0,000000 0,000000
812 1682700868 3,000000 -1,000000 -101,000000 0,000000 0,000000
812 1682700869 3,800000 -1,000000 -101,000000 0,000000 0,000000
812 1682700870 3,800000 -1,000000 -101,000000 0,000000 0,000000
812 1682700871 3,800000 -1,000000 -101,000000 0,000000 0,000000
812 1682700872 3,800000 -1,000000 -101,000000 0,000000 0,000000
812 1682700873 3,800000 -1,000000 -101,000000 0,000000 0,000000
812 1682700874 2,600000 -1,000000 -101,000000 0,000000 0,000000
812 1682700875 2,600000 -1,000000 -101,000000 0,000000 0,000000
812 1682700876 2,600000 -1,000000 -101,000000 0,000000 0,000000
812 1682700877 2,600000 -1,000000 -101,000000 0,000000 0,000000
812 1682700878 2,600000 -1,000000 -101,000000 0,000000 0,000000
812 1682700879 2,400000 -1,000000 -101,000000 0,000000 0,000000
812 1682700880 2,400000 -1,000000 -101,000000 0,000000 0,000000
812 1682700881 2,400000 -1,000000 -101,000000 0,000000 0,000000
812 1682700882 2,400000 -1,000000 -101,000000 0,000000 0,000000
812 1682700883 2,400000 -1,000000 -101,000000 0,000000 0,000000
812 1682700884 5,000000 -1,000000 -101,000000 0,000000 0,000000
812 1682700885 5,000000 -1,000000 -101,000000 0,000000 0,000000
812 1682700886 5,000000 -1,000000 -101,000000 0,000000 0,000000
812 1682700887 5,000000 -1,000000 -101,000000 0,000000 0,000000
812 1682700888 5,000000 -1,000000 -101,000000 0,000000 0,000000
812 1682700889 3,200000 -1,000000 -101,000000 0,000000 0,000000
812 1682700890 3,200000 -1,000000 -101,000000 0,000000 0,000000
812 1682700891 3,200000 -1,000000 -101,000000 0,000000 0,000000
812 1682700892 3,200000 -1,000000 -101,000000 0,000000 0,000000
812 1682700893 3,200000 -1,000000 -101,000000 0,000000 0,000000
812 1682700894 2,200000 -1,000000 -101,000000 0,000000 0,000000
812 1682700895 2,200000 -1,000000 -101,000000 0,000000 0,000000
812 1682700896 2,200000 -1,000000 -101,000000 0,000000 0,000000
812 1682700897 2,200000 -1,000000 -101,000000 0,000000 0,000000
812 1682700898 2,200000 -1,000000 -101,000000 0,000000 0,000000
812 1682700899 3,800000 -1,000000 -101,000000 0,000000 0,000000
812 1682700900 3,800000 -1,000000 -101,000000 0,000000 0,000000
812 1682700901 3,800000 -1,000000 -101,000000 0,000000 0,000000
812 1682700902 3,800000 -1,000000 -101,000000 0,000000 0,000000
812 1682700903 3,800000 -1,000000 -101,000000 0,000000 0,000000
812 1682700904 2,600000 -1,000000 -101,000000 0,000000 0,000000
812 1682700905 2,600000 -1,000000 -101,000000 0,000000 0,000000
812 1682700906 2,600000 -1,000000 -101,000000 0,000000 0,000000
812 1682700907 2,600000 -1,000000 -101,000000 0,000000 0,000000
812 1682700908 2,600000 -1,000000 -101,000000 0,000000 0,000000
812 1682700909 3,800000 -1,000000 -101,000000 0,000000 0,000000
812 1682700910 3,800000 -1,000000 -101,000000 0,000000 0,000000
812 1682700911 3,800000 -1,000000 -101,000000 0,000000 0,000000
812 1682700912 3,800000 -1,000000 -101,000000 0,000000 0,000000
812 1682700913 3,800000 -1,000000 -101,000000 0,000000 0,000000
812 1682700914 4,400000 -1,000000 -101,000000 0,000000 0,000000
812 1682700915 4,400000 -1,000000 -101,000000 0,000000 0,000000
812 1682700916 4,400000 -1,000000 -101,000000 0,000000 0,000000
812 1682700917 4,400000 -1,000000 -101,000000 0,000000 0,000000
812 1682700918 4,400000 -1,000000 -101,000000 0,000000 0,000000
812 1682700919 2,400000 -1,000000 -101,000000 0,000000 0,000000
812 1682700920 2,400000 -1,000000 -101,000000 0,000000 0,000000
812 1682700921 2,400000 -1,000000 -101,000000 0,000000 0,000000
812 1682700922 2,400000 -1,000000 -101,000000 0,000000 0,000000
812 1682700923 2,400000 -1,000000 -101,000000 0,000000 0,000000
812 1682700924 2,600000 -1,000000 -101,000000 0,000000 0,000000
812 1682700925 2,600000 -1,000000 -101,000000 0,000000 0,000000
812 1682700926 2,600000 -1,000000 -101,000000 0,000000 0,000000
812 1682700927 2,600000 -1,000000 -101,000000 0,000000 0,000000
812 1682700928 2,600000 -1,000000 -101,000000 0,000000 0,000000
812 1682700929 3,800000 -1,000000 -101,000000 0,000000 0,000000
812 1682700930 3,800000 -1,000000 -101,000000 0,000000 0,000000
812 1682700931 3,800000 -1,000000 -101,000000 0,000000 0,000000
812 1682700932 3,800000 -1,000000 -101,000000 0,000000 0,000000
812 1682700933 3,800000 -1,000000 -101,000000 0,000000 0,000000
812 1682700934 3,800000 -1,000000 -101,000000 0,000000 0,000000
812 1682700935 3,800000 -1,000000 -101,000000 0,000000 0,000000
812 1682700936 3,800000 -1,000000 -101,000000 0,000000 0,000000
812 1682700937 3,800000 -1,000000 -101,000000 0,000000 0,000000
812 1682700938 3,800000 -1,000000 -101,000000 0,000000 0,000000
812 1682700939 2,400000 -1,000000 -101,000000 0,000000 0,000000
812 1682700940 2,400000 -1,000000 -101,000000 0,000000 0,000000
812 1682700941 2,400000 -1,000000 -101,000000 0,000000 0,000000
812 1682700942 2,400000 -1,000000 -101,000000 0,000000 0,000000
812 1682700943 2,400000 -1,000000 -101,000000 0,000000 0,000000
812 1682700944 3,800000 -1,000000 -101,000000 0,000000 0,000000
812 1682700945 3,800000 -1,000000 -101,000000 0,000000 0,000000
812 1682700946 3,800000 -1,000000 -101,000000 0,000000 0,000000
812 1682700947 3,800000 -1,000000 -101,000000 0,000000 0,000000
812 1682700948 3,800000 -1,000000 -101,000000 0,000000 0,000000
812 1682700949 3,200000 -1,000000 -101,000000 0,000000 0,000000
812 1682700950 3,200000 -1,000000 -101,000000 0,000000 0,000000
812 1682700951 3,200000 -1,000000 -101,000000 0,000000 0,000000
812 1682700952 3,200000 -1,000000 -101,000000 0,000000 0,000000
812 1682700953 3,200000 -1,000000 -101,000000 0,000000 0,000000
812 1682700954 3,200000 -1,000000 -101,000000 0,000000 0,000000
812 1682700955 3,200000 -1,000000 -101,000000 0,000000 0,000000
812 1682700956 3,200000 -1,000000 -101,000000 0,000000 0,000000
812 1682700957 3,200000 -1,000000 -101,000000 0,000000 0,000000
812 1682700958 3,200000 -1,000000 -101,000000 0,000000 0,000000
812 1682700959 3,600000 -1,000000 -101,000000 0,000000 0,000000
812 1682700960 3,600000 -1,000000 -101,000000 0,000000 0,000000
812 1682700961 3,600000 -1,000000 -101,000000 0,000000 0,000000
812 1682700962 3,600000 -1,000000 -101,000000 0,000000 0,000000
812 1682700963 3,600000 -1,000000 -101,000000 0,000000 0,000000
812 1682700964 3,200000 -1,000000 -101,000000 0,000000 0,000000
812 1682700965 3,200000 -1,000000 -101,000000 0,000000 0,000000
812 1682700966 3,200000 -1,000000 -101,000000 0,000000 0,000000
812 1682700967 3,200000 -1,000000 -101,000000 0,000000 0,000000
812 1682700968 3,200000 -1,000000 -101,000000 0,000000 0,000000
812 1682700969 2,600000 -1,000000 -101,000000 0,000000 0,000000
812 1682700970 2,600000 -1,000000 -101,000000 0,000000 0,000000
812 1682700971 2,600000 -1,000000 -101,000000 0,000000 0,000000
812 1682700972 2,600000 -1,000000 -101,000000 0,000000 0,000000
812 1682700973 2,600000 -1,000000 -101,000000 0,000000 0,000000
812 1682700974 5,000000 -1,000000 -101,000000 0,000000 0,000000
812 1682700975 5,000000 -1,000000 -101,000000 0,000000 0,000000
812 1682700976 5,000000 -1,000000 -101,000000 0,000000 0,000000
812 1682700977 5,000000 -1,000000 -101,000000 0,000000 0,000000
812 1682700978 5,000000 -1,000000 -101,000000 0,000000 0,000000
812 1682700979 2,000000 -1,000000 -101,000000 0,000000 0,000000
812 1682700980 2,000000 -1,000000 -101,000000 0,000000 0,000000
812 1682700981 2,000000 -1,000000 -101,000000 0,000000 0,000000
812 1682700982 2,000000 -1,000000 -101,000000 0,000000 0,000000
812 1682700983 2,000000 -1,000000 -101,000000 0,000000 0,000000
812 1682700984 3,200000 -1,000000 -101,000000 0,000000 0,000000
812 1682700985 3,200000 -1,000000 -101,000000 0,000000 0,000000
812 1682700986 3,200000 -1,000000 -101,000000 0,000000 0,000000
812 1682700987 3,200000 -1,000000 -101,000000 0,000000 0,000000
812 1682700988 3,200000 -1,000000 -101,000000 0,000000 0,000000
812 1682700989 4,400000 -1,000000 -101,000000 0,000000 0,000000
812 1682700990 4,400000 -1,000000 -101,000000 0,000000 0,000000
812 1682700991 4,400000 -1,000000 -101,000000 0,000000 0,000000
812 1682700992 4,400000 -1,000000 -101,000000 0,000000 0,000000
812 1682700993 4,400000 -1,000000 -101,000000 0,000000 0,000000
812 1682700994 3,800000 -1,000000 -101,000000 0,000000 0,000000
812 1682700995 3,800000 -1,000000 -101,000000 0,000000 0,000000
812 1682700996 3,800000 -1,000000 -101,000000 0,000000 0,000000
812 1682700997 3,800000 -1,000000 -101,000000 0,000000 0,000000
812 1682700998 3,800000 -1,000000 -101,000000 0,000000 0,000000
812 1682700999 2,000000 -1,000000 -101,000000 0,000000 0,000000
812 1682701000 2,000000 -1,000000 -101,000000 0,000000 0,000000
812 1682701001 2,000000 -1,000000 -101,000000 0,000000 0,000000
812 1682701002 2,000000 -1,000000 -101,000000 0,000000 0,000000
812 1682701003 2,000000 -1,000000 -101,000000 0,000000 0,000000
812 1682701004 3,800000 -1,000000 -101,000000 0,000000 0,000000
812 1682701005 3,800000 -1,000000 -101,000000 0,000000 0,000000
812 1682701006 3,800000 -1,000000 -101,000000 0,000000 0,000000
812 1682701007 3,800000 -1,000000 -101,000000 0,000000 0,000000
812 1682701008 3,800000 -1,000000 -101,000000 0,000000 0,000000
812 1682701009 3,200000 -1,000000 -101,000000 0,000000 0,000000
812 1682701010 3,200000 -1,000000 -101,000000 0,000000 0,000000
812 1682701011 3,200000 -1,000000 -101,000000 0,000000 0,000000
812 1682701012 3,200000 -1,000000 -101,000000 0,000000 0,000000
812 1682701013 3,200000 -1,000000 -101,000000 0,000000 0,000000
812 1682701014 4,400000 -1,000000 -101,000000 0,000000 0,000000
812 1682701015 4,400000 -1,000000 -101,000000 0,000000 0,000000
812 1682701016 4,400000 -1,000000 -101,000000 0,000000 0,000000
812 1682701017 4,400000 -1,000000 -101,000000 0,000000 0,000000
812 1682701018 4,400000 -1,000000 -101,000000 0,000000 0,000000
812 1682701019 3,200000 -1,000000 -101,000000 0,000000 0,000000
812 1682701020 3,200000 -1,000000 -101,000000 0,000000 0,000000
812 1682701021 3,200000 -1,000000 -101,000000 0,000000 0,000000
812 1682701022 3,200000 -1,000000 -101,000000 0,000000 0,000000
812 1682701023 3,200000 -1,000000 -101,000000 0,000000 0,000000
812 1682701024 2,600000 -1,000000 -101,000000 0,000000 0,000000
812 1682701025 2,600000 -1,000000 -101,000000 0,000000 0,000000
812 1682701026 2,600000 -1,000000 -101,000000 0,000000 0,000000
812 1682701027 2,600000 -1,000000 -101,000000 0,000000 0,000000
812 1682701028 2,600000 -1,000000 -101,000000 0,000000 0,000000
812 1682701029 2,600000 -1,000000 -101,000000 0,000000 0,000000
812 1682701030 2,600000 -1,000000 -101,000000 0,000000 0,000000
812 1682701031 2,600000 -1,000000 -101,000000 0,000000 0,000000
812 1682701032 2,600000 -1,000000 -101,000000 0,000000 0,000000
812 1682701033 2,600000 -1,000000 -101,000000 0,000000 0,000000
812 1682701034 4,800000 -1,000000 -101,000000 0,000000 0,000000
812 1682701035 4,800000 -1,000000 -101,000000 0,000000 0,000000
812 1682701036 4,800000 -1,000000 -101,000000 0,000000 0,000000
812 1682701037 4,800000 -1,000000 -101,000000 0,000000 0,000000
812 1682701038 4,800000 -1,000000 -101,000000 0,000000 0,000000
812 1682701039 3,200000 -1,000000 -101,000000 0,000000 0,000000
812 1682701040 3,200000 -1,000000 -101,000000 0,000000 0,000000
812 1682701041 3,200000 -1,000000 -101,000000 0,000000 0,000000
812 1682701042 3,200000 -1,000000 -101,000000 0,000000 0,000000
812 1682701043 3,200000 -1,000000 -101,000000 0,000000 0,000000
812 1682701044 2,600000 -1,000000 -101,000000 0,000000 0,000000
812 1682701045 2,600000 -1,000000 -101,000000 0,000000 0,000000
812 1682701046 2,600000 -1,000000 -101,000000 0,000000 0,000000
812 1682701047 2,600000 -1,000000 -101,000000 0,000000 0,000000
812 1682701048 2,600000 -1,000000 -101,000000 0,000000 0,000000
812 1682701049 3,800000 -1,000000 -101,000000 0,000000 0,000000
812 1682701050 3,800000 -1,000000 -101,000000 0,000000 0,000000
812 1682701051 3,800000 -1,000000 -101,000000 0,000000 0,000000
812 1682701052 3,800000 -1,000000 -101,000000 0,000000 0,000000
812 1682701053 3,800000 -1,000000 -101,000000 0,000000 0,000000
812 1682701054 3,800000 -1,000000 -101,000000 0,000000 0,000000
812 1682701055 3,800000 -1,000000 -101,000000 0,000000 0,000000
812 1682701056 3,800000 -1,000000 -101,000000 0,000000 0,000000
812 1682701057 3,800000 -1,000000 -101,000000 0,000000 0,000000
812 1682701058 3,800000 -1,000000 -101,000000 0,000000 0,000000
812 1682701059 2,400000 -1,000000 -101,000000 0,000000 0,000000
812 1682701060 2,400000 -1,000000 -101,000000 0,000000 0,000000
812 1682701061 2,400000 -1,000000 -101,000000 0,000000 0,000000
812 1682701062 2,400000 -1,000000 -101,000000 0,000000 0,000000
812 1682701063 2,400000 -1,000000 -101,000000 0,000000 0,000000
812 1682701064 3,800000 -1,000000 -101,000000 0,000000 0,000000
812 1682701065 3,800000 -1,000000 -101,000000 0,000000 0,000000
812 1682701066 3,800000 -1,000000 -101,000000 0,000000 0,000000
812 1682701067 3,800000 -1,000000 -101,000000 0,000000 0,000000
812 1682701068 3,800000 -1,000000 -101,000000 0,000000 0,000000
812 1682701069 3,200000 -1,000000 -101,000000 0,000000 0,000000
812 1682701070 3,200000 -1,000000 -101,000000 0,000000 0,000000
812 1682701071 3,200000 -1,000000 -101,000000 0,000000 0,000000
812 1682701072 3,200000 -1,000000 -101,000000 0,000000 0,000000
812 1682701073 3,200000 -1,000000 -101,000000 0,000000 0,000000
812 1682701074 3,800000 -1,000000 -101,000000 0,000000 0,000000
812 1682701075 3,800000 -1,000000 -101,000000 0,000000 0,000000
812 1682701076 3,800000 -1,000000 -101,000000 0,000000 0,000000
812 1682701077 3,800000 -1,000000 -101,000000 0,000000 0,000000
812 1682701078 3,800000 -1,000000 -101,000000 0,000000 0,000000
812 1682701079 3,000000 -1,000000 -101,000000 0,000000 0,000000
812 1682701080 3,000000 -1,000000 -101,000000 0,000000 0,000000
812 1682701081 3,000000 -1,000000 -101,000000 0,000000 0,000000
812 1682701082 3,000000 -1,000000 -101,000000 0,000000 0,000000
812 1682701083 3,000000 -1,000000 -101,000000 0,000000 0,000000
812 1682701084 2,600000 -1,000000 -101,000000 0,000000 0,000000
812 1682701085 2,600000 -1,000000 -101,000000 0,000000 0,000000
812 1682701086 2,600000 -1,000000 -101,000000 0,000000 0,000000
812 1682701087 2,600000 -1,000000 -101,000000 0,000000 0,000000
812 1682701088 2,600000 -1,000000 -101,000000 0,000000 0,000000
812 1682701089 3,800000 -1,000000 -101,000000 0,000000 0,000000
812 1682701090 3,800000 -1,000000 -101,000000 0,000000 0,000000
812 1682701091 3,800000 -1,000000 -101,000000 0,000000 0,000000
812 1682701092 3,800000 -1,000000 -101,000000 0,000000 0,000000
812 1682701093 3,800000 -1,000000 -101,000000 0,000000 0,000000
812 1682701094 4,400000 -1,000000 -101,000000 0,000000 0,000000
812 1682701095 4,400000 -1,000000 -101,000000 0,000000 0,000000
812 1682701096 4,400000 -1,000000 -101,000000 0,000000 0,000000
812 1682701097 4,400000 -1,000000 -101,000000 0,000000 0,000000
812 1682701098 4,400000 -1,000000 -101,000000 0,000000 0,000000
812 1682701099 2,600000 -1,000000 -101,000000 0,000000 0,000000
812 1682701100 2,600000 -1,000000 -101,000000 0,000000 0,000000
812 1682701101 2,600000 -1,000000 -101,000000 0,000000 0,000000
812 1682701102 2,600000 -1,000000 -101,000000 0,000000 0,000000
812 1682701103 2,600000 -1,000000 -101,000000 0,000000 0,000000
812 1682701104 2,400000 -1,000000 -101,000000 0,000000 0,000000
812 1682701105 2,400000 -1,000000 -101,000000 0,000000 0,000000
812 1682701106 2,400000 -1,000000 -101,000000 0,000000 0,000000
812 1682701107 2,400000 -1,000000 -101,000000 0,000000 0,000000
812 1682701108 2,400000 -1,000000 -101,000000 0,000000 0,000000
812 1682701109 3,200000 -1,000000 -101,000000 0,000000 0,000000
812 1682701110 3,200000 -1,000000 -101,000000 0,000000 0,000000
812 1682701111 3,200000 -1,000000 -101,000000 0,000000 0,000000
812 1682701112 3,200000 -1,000000 -101,000000 0,000000 0,000000
812 1682701113 3,200000 -1,000000 -101,000000 0,000000 0,000000
812 1682701114 5,000000 -1,000000 -101,000000 0,000000 0,000000
812 1682701115 5,000000 -1,000000 -101,000000 0,000000 0,000000
812 1682701116 5,000000 -1,000000 -101,000000 0,000000 0,000000
812 1682701117 5,000000 -1,000000 -101,000000 0,000000 0,000000
812 1682701118 5,000000 -1,000000 -101,000000 0,000000 0,000000
812 1682701119 2,600000 -1,000000 -101,000000 0,000000 0,000000
812 1682701120 2,600000 -1,000000 -101,000000 0,000000 0,000000
812 1682701121 2,600000 -1,000000 -101,000000 0,000000 0,000000
812 1682701122 2,600000 -1,000000 -101,000000 0,000000 0,000000
812 1682701123 2,600000 -1,000000 -101,000000 0,000000 0,000000
812 1682701124 2,600000 -1,000000 -101,000000 0,000000 0,000000
812 1682701125 2,600000 -1,000000 -101,000000 0,000000 0,000000
812 1682701126 2,600000 -1,000000 -101,000000 0,000000 0,000000
812 1682701127 2,600000 -1,000000 -101,000000 0,000000 0,000000
812 1682701128 2,600000 -1,000000 -101,000000 0,000000 0,000000
812 1682701129 3,600000 -1,000000 -101,000000 0,000000 0,000000
812 1682701130 3,600000 -1,000000 -101,000000 0,000000 0,000000
812 1682701131 3,600000 -1,000000 -101,000000 0,000000 0,000000
812 1682701132 3,600000 -1,000000 -101,000000 0,000000 0,000000
812 1682701133 3,600000 -1,000000 -101,000000 0,000000 0,000000
812 1682701134 3,200000 -1,000000 -101,000000 0,000000 0,000000
812 1682701135 3,200000 -1,000000 -101,000000 0,000000 0,000000
812 1682701136 3,200000 -1,000000 -101,000000 0,000000 0,000000
812 1682701137 3,200000 -1,000000 -101,000000 0,000000 0,000000
812 1682701138 3,200000 -1,000000 -101,000000 0,000000 0,000000
812 1682701139 4,400000 -1,000000 -101,000000 0,000000 0,000000
812 1682701140 4,400000 -1,000000 -101,000000 0,000000 0,000000
812 1682701141 4,400000 -1,000000 -101,000000 0,000000 0,000000
812 1682701142 4,400000 -1,000000 -101,000000 0,000000 0,000000
812 1682701143 4,400000 -1,000000 -101,000000 0,000000 0,000000
812 1682701144 2,400000 -1,000000 -101,000000 0,000000 0,000000
812 1682701145 2,400000 -1,000000 -101,000000 0,000000 0,000000
812 1682701146 2,400000 -1,000000 -101,000000 0,000000 0,000000
812 1682701147 2,400000 -1,000000 -101,000000 0,000000 0,000000
812 1682701148 2,400000 -1,000000 -101,000000 0,000000 0,000000
812 1682701149 2,000000 -1,000000 -101,000000 0,000000 0,000000
812 1682701150 2,000000 -1,000000 -101,000000 0,000000 0,000000
812 1682701151 2,000000 -1,000000 -101,000000 0,000000 0,000000
812 1682701152 2,000000 -1,000000 -101,000000 0,000000 0,000000
812 1682701153 2,000000 -1,000000 -101,000000 0,000000 0,000000
812 1682701154 2,400000 -1,000000 -101,000000 0,000000 0,000000
812 1682701155 2,400000 -1,000000 -101,000000 0,000000 0,000000
812 1682701156 2,400000 -1,000000 -101,000000 0,000000 0,000000
812 1682701157 2,400000 -1,000000 -101,000000 0,000000 0,000000
812 1682701158 2,400000 -1,000000 -101,000000 0,000000 0,000000
812 1682701159 5,000000 -1,000000 -101,000000 0,000000 0,000000
812 1682701160 5,000000 -1,000000 -101,000000 0,000000 0,000000
812 1682701161 5,000000 -1,000000 -101,000000 0,000000 0,000000
812 1682701162 5,000000 -1,000000 -101,000000 0,000000 0,000000
812 1682701163 5,000000 -1,000000 -101,000000 0,000000 0,000000
812 1682701164 2,600000 -1,000000 -101,000000 0,000000 0,000000
812 1682701165 2,600000 -1,000000 -101,000000 0,000000 0,000000
812 1682701166 2,600000 -1,000000 -101,000000 0,000000 0,000000
812 1682701167 2,600000 -1,000000 -101,000000 0,000000 0,000000
812 1682701168 2,600000 -1,000000 -101,000000 0,000000 0,000000
812 1682701169 3,200000 -1,000000 -101,000000 0,000000 0,000000
812 1682701170 3,200000 -1,000000 -101,000000 0,000000 0,000000
812 1682701171 3,200000 -1,000000 -101,000000 0,000000 0,000000
812 1682701172 3,200000 -1,000000 -101,000000 0,000000 0,000000
812 1682701173 3,200000 -1,000000 -101,000000 0,000000 0,000000
812 1682701174 3,800000 -1,000000 -101,000000 0,000000 0,000000
812 1682701175 3,800000 -1,000000 -101,000000 0,000000 0,000000
812 1682701176 3,800000 -1,000000 -101,000000 0,000000 0,000000
812 1682701177 3,800000 -1,000000 -101,000000 0,000000 0,000000
812 1682701178 3,800000 -1,000000 -101,000000 0,000000 0,000000
812 1682701179 3,800000 -1,000000 -101,000000 0,000000 0,000000
812 1682701180 3,800000 -1,000000 -101,000000 0,000000 0,000000
812 1682701181 3,800000 -1,000000 -101,000000 0,000000 0,000000
812 1682701182 3,800000 -1,000000 -101,000000 0,000000 0,000000
812 1682701183 3,800000 -1,000000 -101,000000 0,000000 0,000000
812 1682701184 2,000000 -1,000000 -101,000000 0,000000 0,000000
812 1682701185 2,000000 -1,000000 -101,000000 0,000000 0,000000
812 1682701186 2,000000 -1,000000 -101,000000 0,000000 0,000000
812 1682701187 2,000000 -1,000000 -101,000000 0,000000 0,000000
812 1682701188 2,000000 -1,000000 -101,000000 0,000000 0,000000
812 1682701189 4,400000 -1,000000 -101,000000 0,000000 0,000000
812 1682701190 4,400000 -1,000000 -101,000000 0,000000 0,000000
812 1682701191 4,400000 -1,000000 -101,000000 0,000000 0,000000
812 1682701192 4,400000 -1,000000 -101,000000 0,000000 0,000000
812 1682701193 4,400000 -1,000000 -101,000000 0,000000 0,000000
812 1682701194 3,200000 -1,000000 -101,000000 0,000000 0,000000
812 1682701195 3,200000 -1,000000 -101,000000 0,000000 0,000000
812 1682701196 3,200000 -1,000000 -101,000000 0,000000 0,000000
812 1682701197 3,200000 -1,000000 -101,000000 0,000000 0,000000
812 1682701198 3,200000 -1,000000 -101,000000 0,000000 0,000000
812 1682701199 3,800000 -1,000000 -101,000000 0,000000 0,000000
812 1682701200 3,800000 -1,000000 -101,000000 0,000000 0,000000
812 1682701201 3,800000 -1,000000 -101,000000 0,000000 0,000000
812 1682701202 3,800000 -1,000000 -101,000000 0,000000 0,000000
812 1682701203 3,800000 -1,000000 -101,000000 0,000000 0,000000
812 1682701204 3,200000 -1,000000 -101,000000 0,000000 0,000000
812 1682701205 3,200000 -1,000000 -101,000000 0,000000 0,000000
812 1682701206 3,200000 -1,000000 -101,000000 0,000000 0,000000
812 1682701207 3,200000 -1,000000 -101,000000 0,000000 0,000000
812 1682701208 3,200000 -1,000000 -101,000000 0,000000 0,000000
812 1682701209 2,600000 -1,000000 -101,000000 0,000000 0,000000
812 1682701210 2,600000 -1,000000 -101,000000 0,000000 0,000000
812 1682701211 2,600000 -1,000000 -101,000000 0,000000 0,000000
812 1682701212 2,600000 -1,000000 -101,000000 0,000000 0,000000
812 1682701213 2,600000 -1,000000 -101,000000 0,000000 0,000000
812 1682701214 3,200000 -1,000000 -101,000000 0,000000 0,000000
812 1682701215 3,200000 -1,000000 -101,000000 0,000000 0,000000
812 1682701216 3,200000 -1,000000 -101,000000 0,000000 0,000000
812 1682701217 3,200000 -1,000000 -101,000000 0,000000 0,000000
812 1682701218 3,200000 -1,000000 -101,000000 0,000000 0,000000
812 1682701219 5,600000 -1,000000 -101,000000 0,000000 0,000000
812 1682701220 5,600000 -1,000000 -101,000000 0,000000 0,000000
812 1682701221 5,600000 -1,000000 -101,000000 0,000000 0,000000
812 1682701222 5,600000 -1,000000 -101,000000 0,000000 0,000000
812 1682701223 5,600000 -1,000000 -101,000000 0,000000 0,000000
812 1682701224 2,000000 -1,000000 -101,000000 0,000000 0,000000
812 1682701225 2,000000 -1,000000 -101,000000 0,000000 0,000000
812 1682701226 2,000000 -1,000000 -101,000000 0,000000 0,000000
812 1682701227 2,000000 -1,000000 -101,000000 0,000000 0,000000
812 1682701228 2,000000 -1,000000 -101,000000 0,000000 0,000000
812 1682701229 2,600000 -1,000000 -101,000000 0,000000 0,000000
812 1682701230 2,600000 -1,000000 -101,000000 0,000000 0,000000
812 1682701231 2,600000 -1,000000 -101,000000 0,000000 0,000000
812 1682701232 2,600000 -1,000000 -101,000000 0,000000 0,000000
812 1682701233 2,600000 -1,000000 -101,000000 0,000000 0,000000
812 1682701234 3,800000 -1,000000 -101,000000 0,000000 0,000000
812 1682701235 3,800000 -1,000000 -101,000000 0,000000 0,000000
812 1682701236 3,800000 -1,000000 -101,000000 0,000000 0,000000
812 1682701237 3,800000 -1,000000 -101,000000 0,000000 0,000000
812 1682701238 3,800000 -1,000000 -101,000000 0,000000 0,000000
812 1682701239 4,400000 -1,000000 -101,000000 0,000000 0,000000
812 1682701240 4,400000 -1,000000 -101,000000 0,000000 0,000000
812 1682701241 4,400000 -1,000000 -101,000000 0,000000 0,000000
812 1682701242 4,400000 -1,000000 -101,000000 0,000000 0,000000
812 1682701243 4,400000 -1,000000 -101,000000 0,000000 0,000000
812 1682701244 2,600000 -1,000000 -101,000000 0,000000 0,000000
812 1682701245 2,600000 -1,000000 -101,000000 0,000000 0,000000
812 1682701246 2,600000 -1,000000 -101,000000 0,000000 0,000000
812 1682701247 2,600000 -1,000000 -101,000000 0,000000 0,000000
812 1682701248 2,600000 -1,000000 -101,000000 0,000000 0,000000
812 1682701249 3,800000 -1,000000 -101,000000 0,000000 0,000000
812 1682701250 3,800000 -1,000000 -101,000000 0,000000 0,000000
812 1682701251 3,800000 -1,000000 -101,000000 0,000000 0,000000
812 1682701252 3,800000 -1,000000 -101,000000 0,000000 0,000000
812 1682701253 3,800000 -1,000000 -101,000000 0,000000 0,000000
812 1682701254 2,600000 -1,000000 -101,000000 0,000000 0,000000
812 1682701255 2,600000 -1,000000 -101,000000 0,000000 0,000000
812 1682701256 2,600000 -1,000000 -101,000000 0,000000 0,000000
812 1682701257 2,600000 -1,000000 -101,000000 0,000000 0,000000
812 1682701258 2,600000 -1,000000 -101,000000 0,000000 0,000000
812 1682701259 3,800000 -1,000000 -101,000000 0,000000 0,000000
812 1682701260 3,800000 -1,000000 -101,000000 0,000000 0,000000
812 1682701261 3,800000 -1,000000 -101,000000 0,000000 0,000000
812 1682701262 3,800000 -1,000000 -101,000000 0,000000 0,000000
812 1682701263 3,800000 -1,000000 -101,000000 0,000000 0,000000
812 1682701264 3,800000 -1,000000 -101,000000 0,000000 0,000000
812 1682701265 3,800000 -1,000000 -101,000000 0,000000 0,000000
812 1682701266 3,800000 -1,000000 -101,000000 0,000000 0,000000
812 1682701267 3,800000 -1,000000 -101,000000 0,000000 0,000000
812 1682701268 3,800000 -1,000000 -101,000000 0,000000 0,000000
812 1682701269 3,200000 -1,000000 -101,000000 0,000000 0,000000
812 1682701270 3,200000 -1,000000 -101,000000 0,000000 0,000000
812 1682701271 3,200000 -1,000000 -101,000000 0,000000 0,000000
812 1682701272 3,200000 -1,000000 -101,000000 0,000000 0,000000
812 1682701273 3,200000 -1,000000 -101,000000 0,000000 0,000000
812 1682701274 2,600000 -1,000000 -101,000000 0,000000 0,000000
812 1682701275 2,600000 -1,000000 -101,000000 0,000000 0,000000
812 1682701276 2,600000 -1,000000 -101,000000 0,000000 0,000000
812 1682701277 2,600000 -1,000000 -101,000000 0,000000 0,000000
812 1682701278 2,600000 -1,000000 -101,000000 0,000000 0,000000
812 1682701279 4,800000 -1,000000 -101,000000 0,000000 0,000000
812 1682701280 4,800000 -1,000000 -101,000000 0,000000 0,000000
812 1682701281 4,800000 -1,000000 -101,000000 0,000000 0,000000
812 1682701282 4,800000 -1,000000 -101,000000 0,000000 0,000000
812 1682701283 4,800000 -1,000000 -101,000000 0,000000 0,000000
812 1682701284 2,000000 -1,000000 -101,000000 0,000000 0,000000
812 1682701285 2,000000 -1,000000 -101,000000 0,000000 0,000000
812 1682701286 2,000000 -1,000000 -101,000000 0,000000 0,000000
812 1682701287 2,000000 -1,000000 -101,000000 0,000000 0,000000
812 1682701288 2,000000 -1,000000 -101,000000 0,000000 0,000000
812 1682701289 3,200000 -1,000000 -101,000000 0,000000 0,000000
812 1682701290 3,200000 -1,000000 -101,000000 0,000000 0,000000
812 1682701291 3,200000 -1,000000 -101,000000 0,000000 0,000000
812 1682701292 3,200000 -1,000000 -101,000000 0,000000 0,000000
812 1682701293 3,200000 -1,000000 -101,000000 0,000000 0,000000
812 1682701294 4,200000 -1,000000 -101,000000 0,000000 0,000000
812 1682701295 4,200000 -1,000000 -101,000000 0,000000 0,000000
812 1682701296 4,200000 -1,000000 -101,000000 0,000000 0,000000
812 1682701297 4,200000 -1,000000 -101,000000 0,000000 0,000000
812 1682701298 4,200000 -1,000000 -101,000000 0,000000 0,000000
812 1682701299 3,200000 -1,000000 -101,000000 0,000000 0,000000
812 1682701300 3,200000 -1,000000 -101,000000 0,000000 0,000000
812 1682701301 3,200000 -1,000000 -101,000000 0,000000 0,000000
812 1682701302 3,200000 -1,000000 -101,000000 0,000000 0,000000
812 1682701303 3,200000 -1,000000 -101,000000 0,000000 0,000000
812 1682701304 2,600000 -1,000000 -101,000000 0,000000 0,000000
812 1682701305 2,600000 -1,000000 -101,000000 0,000000 0,000000
812 1682701306 2,600000 -1,000000 -101,000000 0,000000 0,000000
812 1682701307 2,600000 -1,000000 -101,000000 0,000000 0,000000
812 1682701308 2,600000 -1,000000 -101,000000 0,000000 0,000000
812 1682701309 2,600000 -1,000000 -101,000000 0,000000 0,000000
812 1682701310 2,600000 -1,000000 -101,000000 0,000000 0,000000
812 1682701311 2,600000 -1,000000 -101,000000 0,000000 0,000000
812 1682701312 2,600000 -1,000000 -101,000000 0,000000 0,000000
812 1682701313 2,600000 -1,000000 -101,000000 0,000000 0,000000
812 1682701314 4,200000 -1,000000 -101,000000 0,000000 0,000000
812 1682701315 4,200000 -1,000000 -101,000000 0,000000 0,000000
812 1682701316 4,200000 -1,000000 -101,000000 0,000000 0,000000
812 1682701317 4,200000 -1,000000 -101,000000 0,000000 0,000000
812 1682701318 4,200000 -1,000000 -101,000000 0,000000 0,000000
812 1682701319 3,800000 -1,000000 -101,000000 0,000000 0,000000
812 1682701320 3,800000 -1,000000 -101,000000 0,000000 0,000000
812 1682701321 3,800000 -1,000000 -101,000000 0,000000 0,000000
812 1682701322 3,800000 -1,000000 -101,000000 0,000000 0,000000
812 1682701323 3,800000 -1,000000 -101,000000 0,000000 0,000000
812 1682701324 3,800000 -1,000000 -101,000000 0,000000 0,000000
812 1682701325 3,800000 -1,000000 -101,000000 0,000000 0,000000
812 1682701326 3,800000 -1,000000 -101,000000 0,000000 0,000000
812 1682701327 3,800000 -1,000000 -101,000000 0,000000 0,000000
812 1682701328 3,800000 -1,000000 -101,000000 0,000000 0,000000
812 1682701329 1,800000 -1,000000 -101,000000 0,000000 0,000000
812 1682701330 1,800000 -1,000000 -101,000000 0,000000 0,000000
812 1682701331 1,800000 -1,000000 -101,000000 0,000000 0,000000
812 1682701332 1,800000 -1,000000 -101,000000 0,000000 0,000000
812 1682701333 1,800000 -1,000000 -101,000000 0,000000 0,000000
812 1682701334 3,200000 -1,000000 -101,000000 0,000000 0,000000
812 1682701335 3,200000 -1,000000 -101,000000 0,000000 0,000000
812 1682701336 3,200000 -1,000000 -101,000000 0,000000 0,000000
812 1682701337 3,200000 -1,000000 -101,000000 0,000000 0,000000
812 1682701338 3,200000 -1,000000 -101,000000 0,000000 0,000000
812 1682701339 3,800000 -1,000000 -101,000000 0,000000 0,000000
812 1682701340 3,800000 -1,000000 -101,000000 0,000000 0,000000
812 1682701341 3,800000 -1,000000 -101,000000 0,000000 0,000000
812 1682701342 3,800000 -1,000000 -101,000000 0,000000 0,000000
812 1682701343 3,800000 -1,000000 -101,000000 0,000000 0,000000
812 1682701344 4,000000 -1,000000 -101,000000 0,000000 0,000000
812 1682701345 4,000000 -1,000000 -101,000000 0,000000 0,000000
812 1682701346 4,000000 -1,000000 -101,000000 0,000000 0,000000
812 1682701347 4,000000 -1,000000 -101,000000 0,000000 0,000000
812 1682701348 4,000000 -1,000000 -101,000000 0,000000 0,000000
812 1682701349 2,000000 -1,000000 -101,000000 0,000000 0,000000
812 1682701350 2,000000 -1,000000 -101,000000 0,000000 0,000000
812 1682701351 2,000000 -1,000000 -101,000000 0,000000 0,000000
812 1682701352 2,000000 -1,000000 -101,000000 0,000000 0,000000
812 1682701353 2,000000 -1,000000 -101,000000 0,000000 0,000000
812 1682701354 3,200000 -1,000000 -101,000000 0,000000 0,000000
812 1682701355 3,200000 -1,000000 -101,000000 0,000000 0,000000
812 1682701356 3,200000 -1,000000 -101,000000 0,000000 0,000000
812 1682701357 3,200000 -1,000000 -101,000000 0,000000 0,000000
812 1682701358 3,200000 -1,000000 -101,000000 0,000000 0,000000
812 1682701359 3,800000 -1,000000 -101,000000 0,000000 0,000000
812 1682701360 3,800000 -1,000000 -101,000000 0,000000 0,000000
812 1682701361 3,800000 -1,000000 -101,000000 0,000000 0,000000
812 1682701362 3,800000 -1,000000 -101,000000 0,000000 0,000000
812 1682701363 3,800000 -1,000000 -101,000000 0,000000 0,000000
812 1682701364 3,200000 -1,000000 -101,000000 0,000000 0,000000
812 1682701365 3,200000 -1,000000 -101,000000 0,000000 0,000000
812 1682701366 3,200000 -1,000000 -101,000000 0,000000 0,000000
812 1682701367 3,200000 -1,000000 -101,000000 0,000000 0,000000
812 1682701368 3,200000 -1,000000 -101,000000 0,000000 0,000000
812 1682701369 3,800000 -1,000000 -101,000000 0,000000 0,000000
812 1682701370 3,800000 -1,000000 -101,000000 0,000000 0,000000
812 1682701371 3,800000 -1,000000 -101,000000 0,000000 0,000000
812 1682701372 3,800000 -1,000000 -101,000000 0,000000 0,000000
812 1682701373 3,800000 -1,000000 -101,000000 0,000000 0,000000
812 1682701374 3,200000 -1,000000 -101,000000 0,000000 0,000000
812 1682701375 3,200000 -1,000000 -101,000000 0,000000 0,000000
812 1682701376 3,200000 -1,000000 -101,000000 0,000000 0,000000
812 1682701377 3,200000 -1,000000 -101,000000 0,000000 0,000000
812 1682701378 3,200000 -1,000000 -101,000000 0,000000 0,000000
812 1682701379 3,000000 -1,000000 -101,000000 0,000000 0,000000
812 1682701380 3,000000 -1,000000 -101,000000 0,000000 0,000000
812 1682701381 3,000000 -1,000000 -101,000000 0,000000 0,000000
812 1682701382 3,000000 -1,000000 -101,000000 0,000000 0,000000
812 1682701383 3,000000 -1,000000 -101,000000 0,000000 0,000000
812 1682701384 3,800000 -1,000000 -101,000000 0,000000 0,000000
812 1682701385 3,800000 -1,000000 -101,000000 0,000000 0,000000
812 1682701386 3,800000 -1,000000 -101,000000 0,000000 0,000000
812 1682701387 3,800000 -1,000000 -101,000000 0,000000 0,000000
812 1682701388 3,800000 -1,000000 -101,000000 0,000000 0,000000
812 1682701389 2,600000 -1,000000 -101,000000 0,000000 0,000000
812 1682701390 2,600000 -1,000000 -101,000000 0,000000 0,000000
812 1682701391 2,600000 -1,000000 -101,000000 0,000000 0,000000
812 1682701392 2,600000 -1,000000 -101,000000 0,000000 0,000000
812 1682701393 2,600000 -1,000000 -101,000000 0,000000 0,000000
812 1682701394 3,600000 -1,000000 -101,000000 0,000000 0,000000
812 1682701395 3,600000 -1,000000 -101,000000 0,000000 0,000000
812 1682701396 3,600000 -1,000000 -101,000000 0,000000 0,000000
812 1682701397 3,600000 -1,000000 -101,000000 0,000000 0,000000
812 1682701398 3,600000 -1,000000 -101,000000 0,000000 0,000000
812 1682701399 3,200000 -1,000000 -101,000000 0,000000 0,000000
812 1682701400 3,200000 -1,000000 -101,000000 0,000000 0,000000
812 1682701401 3,200000 -1,000000 -101,000000 0,000000 0,000000
812 1682701402 3,200000 -1,000000 -101,000000 0,000000 0,000000
812 1682701403 3,200000 -1,000000 -101,000000 0,000000 0,000000
812 1682701404 4,400000 -1,000000 -101,000000 0,000000 0,000000
812 1682701405 4,400000 -1,000000 -101,000000 0,000000 0,000000
812 1682701406 4,400000 -1,000000 -101,000000 0,000000 0,000000
812 1682701407 4,400000 -1,000000 -101,000000 0,000000 0,000000
812 1682701408 4,400000 -1,000000 -101,000000 0,000000 0,000000
812 1682701409 2,000000 -1,000000 -101,000000 0,000000 0,000000
812 1682701410 2,000000 -1,000000 -101,000000 0,000000 0,000000
812 1682701411 2,000000 -1,000000 -101,000000 0,000000 0,000000
812 1682701412 2,000000 -1,000000 -101,000000 0,000000 0,000000
812 1682701413 2,000000 -1,000000 -101,000000 0,000000 0,000000
812 1682701414 2,600000 -1,000000 -101,000000 0,000000 0,000000
812 1682701415 2,600000 -1,000000 -101,000000 0,000000 0,000000
812 1682701416 2,600000 -1,000000 -101,000000 0,000000 0,000000
812 1682701417 2,600000 -1,000000 -101,000000 0,000000 0,000000
812 1682701418 2,600000 -1,000000 -101,000000 0,000000 0,000000
812 1682701419 4,800000 -1,000000 -101,000000 0,000000 0,000000
812 1682701420 4,800000 -1,000000 -101,000000 0,000000 0,000000
812 1682701421 4,800000 -1,000000 -101,000000 0,000000 0,000000
812 1682701422 4,800000 -1,000000 -101,000000 0,000000 0,000000
812 1682701423 4,800000 -1,000000 -101,000000 0,000000 0,000000
812 1682701424 3,800000 -1,000000 -101,000000 0,000000 0,000000
812 1682701425 3,800000 -1,000000 -101,000000 0,000000 0,000000
812 1682701426 3,800000 -1,000000 -101,000000 0,000000 0,000000
812 1682701427 3,800000 -1,000000 -101,000000 0,000000 0,000000
812 1682701428 3,800000 -1,000000 -101,000000 0,000000 0,000000
812 1682701429 2,000000 -1,000000 -101,000000 0,000000 0,000000
812 1682701430 2,000000 -1,000000 -101,000000 0,000000 0,000000
812 1682701431 2,000000 -1,000000 -101,000000 0,000000 0,000000
812 1682701432 2,000000 -1,000000 -101,000000 0,000000 0,000000
812 1682701433 2,000000 -1,000000 -101,000000 0,000000 0,000000
812 1682701434 3,800000 -1,000000 -101,000000 0,000000 0,000000
812 1682701435 3,800000 -1,000000 -101,000000 0,000000 0,000000
812 1682701436 3,800000 -1,000000 -101,000000 0,000000 0,000000
812 1682701437 3,800000 -1,000000 -101,000000 0,000000 0,000000
812 1682701438 3,800000 -1,000000 -101,000000 0,000000 0,000000
812 1682701439 3,000000 -1,000000 -101,000000 0,000000 0,000000
812 1682701440 3,000000 -1,000000 -101,000000 0,000000 0,000000
812 1682701441 3,000000 -1,000000 -101,000000 0,000000 0,000000
812 1682701442 3,000000 -1,000000 -101,000000 0,000000 0,000000
812 1682701443 3,000000 -1,000000 -101,000000 0,000000 0,000000
812 1682701444 3,800000 -1,000000 -101,000000 0,000000 0,000000
812 1682701445 3,800000 -1,000000 -101,000000 0,000000 0,000000
812 1682701446 3,800000 -1,000000 -101,000000 0,000000 0,000000
812 1682701447 3,800000 -1,000000 -101,000000 0,000000 0,000000
812 1682701448 3,800000 -1,000000 -101,000000 0,000000 0,000000
812 1682701449 3,800000 -1,000000 -101,000000 0,000000 0,000000
812 1682701450 3,800000 -1,000000 -101,000000 0,000000 0,000000
812 1682701451 3,800000 -1,000000 -101,000000 0,000000 0,000000
812 1682701452 3,800000 -1,000000 -101,000000 0,000000 0,000000
812 1682701453 3,800000 -1,000000 -101,000000 0,000000 0,000000
812 1682701454 2,600000 -1,000000 -101,000000 0,000000 0,000000
812 1682701455 2,600000 -1,000000 -101,000000 0,000000 0,000000
812 1682701456 2,600000 -1,000000 -101,000000 0,000000 0,000000
812 1682701457 2,600000 -1,000000 -101,000000 0,000000 0,000000
812 1682701458 2,600000 -1,000000 -101,000000 0,000000 0,000000
812 1682701459 2,600000 -1,000000 -101,000000 0,000000 0,000000
812 1682701460 2,600000 -1,000000 -101,000000 0,000000 0,000000
812 1682701461 2,600000 -1,000000 -101,000000 0,000000 0,000000
812 1682701462 2,600000 -1,000000 -101,000000 0,000000 0,000000
812 1682701463 2,600000 -1,000000 -101,000000 0,000000 0,000000
812 1682701464 5,000000 -1,000000 -101,000000 0,000000 0,000000
812 1682701465 5,000000 -1,000000 -101,000000 0,000000 0,000000
812 1682701466 5,000000 -1,000000 -101,000000 0,000000 0,000000
812 1682701467 5,000000 -1,000000 -101,000000 0,000000 0,000000
812 1682701468 5,000000 -1,000000 -101,000000 0,000000 0,000000
812 1682701469 2,600000 -1,000000 -101,000000 0,000000 0,000000
812 1682701470 2,600000 -1,000000 -101,000000 0,000000 0,000000
812 1682701471 2,600000 -1,000000 -101,000000 0,000000 0,000000
812 1682701472 2,600000 -1,000000 -101,000000 0,000000 0,000000
812 1682701473 2,600000 -1,000000 -101,000000 0,000000 0,000000
812 1682701474 3,200000 -1,000000 -101,000000 0,000000 0,000000
812 1682701475 3,200000 -1,000000 -101,000000 0,000000 0,000000
812 1682701476 3,200000 -1,000000 -101,000000 0,000000 0,000000
812 1682701477 3,200000 -1,000000 -101,000000 0,000000 0,000000
812 1682701478 3,200000 -1,000000 -101,000000 0,000000 0,000000
812 1682701479 3,800000 -1,000000 -101,000000 0,000000 0,000000
812 1682701480 3,800000 -1,000000 -101,000000 0,000000 0,000000
812 1682701481 3,800000 -1,000000 -101,000000 0,000000 0,000000
812 1682701482 3,800000 -1,000000 -101,000000 0,000000 0,000000
812 1682701483 3,800000 -1,000000 -101,000000 0,000000 0,000000
812 1682701484 3,000000 -1,000000 -101,000000 0,000000 0,000000
812 1682701485 3,000000 -1,000000 -101,000000 0,000000 0,000000
812 1682701486 3,000000 -1,000000 -101,000000 0,000000 0,000000
812 1682701487 3,000000 -1,000000 -101,000000 0,000000 0,000000
812 1682701488 3,000000 -1,000000 -101,000000 0,000000 0,000000
812 1682701489 2,600000 -1,000000 -101,000000 0,000000 0,000000
812 1682701490 2,600000 -1,000000 -101,000000 0,000000 0,000000
812 1682701491 2,600000 -1,000000 -101,000000 0,000000 0,000000
812 1682701492 2,600000 -1,000000 -101,000000 0,000000 0,000000
812 1682701493 2,600000 -1,000000 -101,000000 0,000000 0,000000
812 1682701494 3,800000 -1,000000 -101,000000 0,000000 0,000000
812 1682701495 3,800000 -1,000000 -101,000000 0,000000 0,000000
812 1682701496 3,800000 -1,000000 -101,000000 0,000000 0,000000
812 1682701497 3,800000 -1,000000 -101,000000 0,000000 0,000000
812 1682701498 3,800000 -1,000000 -101,000000 0,000000 0,000000
812 1682701499 3,800000 -1,000000 -101,000000 0,000000 0,000000
812 1682701500 3,800000 -1,000000 -101,000000 0,000000 0,000000
812 1682701501 3,800000 -1,000000 -101,000000 0,000000 0,000000
812 1682701502 3,800000 -1,000000 -101,000000 0,000000 0,000000
812 1682701503 3,800000 -1,000000 -101,000000 0,000000 0,000000
812 1682701504 3,200000 -1,000000 -101,000000 0,000000 0,000000
812 1682701505 3,200000 -1,000000 -101,000000 0,000000 0,000000
812 1682701506 3,200000 -1,000000 -101,000000 0,000000 0,000000
812 1682701507 3,200000 -1,000000 -101,000000 0,000000 0,000000
812 1682701508 3,200000 -1,000000 -101,000000 0,000000 0,000000
812 1682701509 3,800000 -1,000000 -101,000000 0,000000 0,000000
812 1682701510 3,800000 -1,000000 -101,000000 0,000000 0,000000
812 1682701511 3,800000 -1,000000 -101,000000 0,000000 0,000000
812 1682701512 3,800000 -1,000000 -101,000000 0,000000 0,000000
812 1682701513 3,800000 -1,000000 -101,000000 0,000000 0,000000
812 1682701514 2,000000 -1,000000 -101,000000 0,000000 0,000000
812 1682701515 2,000000 -1,000000 -101,000000 0,000000 0,000000
812 1682701516 2,000000 -1,000000 -101,000000 0,000000 0,000000
812 1682701517 2,000000 -1,000000 -101,000000 0,000000 0,000000
812 1682701518 2,000000 -1,000000 -101,000000 0,000000 0,000000
812 1682701519 3,800000 -1,000000 -101,000000 0,000000 0,000000
812 1682701520 3,800000 -1,000000 -101,000000 0,000000 0,000000
812 1682701521 3,800000 -1,000000 -101,000000 0,000000 0,000000
812 1682701522 3,800000 -1,000000 -101,000000 0,000000 0,000000
812 1682701523 3,800000 -1,000000 -101,000000 0,000000 0,000000
812 1682701524 5,000000 -1,000000 -101,000000 0,000000 0,000000
812 1682701525 5,000000 -1,000000 -101,000000 0,000000 0,000000
812 1682701526 5,000000 -1,000000 -101,000000 0,000000 0,000000
812 1682701527 5,000000 -1,000000 -101,000000 0,000000 0,000000
812 1682701528 5,000000 -1,000000 -101,000000 0,000000 0,000000
812 1682701529 2,600000 -1,000000 -101,000000 0,000000 0,000000
812 1682701530 2,600000 -1,000000 -101,000000 0,000000 0,000000
812 1682701531 2,600000 -1,000000 -101,000000 0,000000 0,000000
812 1682701532 2,600000 -1,000000 -101,000000 0,000000 0,000000
812 1682701533 2,600000 -1,000000 -101,000000 0,000000 0,000000
812 1682701534 1,800000 -1,000000 -101,000000 0,000000 0,000000
812 1682701535 1,800000 -1,000000 -101,000000 0,000000 0,000000
812 1682701536 1,800000 -1,000000 -101,000000 0,000000 0,000000
812 1682701537 1,800000 -1,000000 -101,000000 0,000000 0,000000
812 1682701538 1,800000 -1,000000 -101,000000 0,000000 0,000000
812 1682701539 4,200000 -1,000000 -101,000000 0,000000 0,000000
812 1682701540 4,200000 -1,000000 -101,000000 0,000000 0,000000
812 1682701541 4,200000 -1,000000 -101,000000 0,000000 0,000000
812 1682701542 4,200000 -1,000000 -101,000000 0,000000 0,000000
812 1682701543 4,200000 -1,000000 -101,000000 0,000000 0,000000
812 1682701544 3,200000 -1,000000 -101,000000 0,000000 0,000000
812 1682701545 3,200000 -1,000000 -101,000000 0,000000 0,000000
812 1682701546 3,200000 -1,000000 -101,000000 0,000000 0,000000
812 1682701547 3,200000 -1,000000 -101,000000 0,000000 0,000000
812 1682701548 3,200000 -1,000000 -101,000000 0,000000 0,000000
812 1682701549 3,600000 -1,000000 -101,000000 0,000000 0,000000
812 1682701550 3,600000 -1,000000 -101,000000 0,000000 0,000000
812 1682701551 3,600000 -1,000000 -101,000000 0,000000 0,000000
812 1682701552 3,600000 -1,000000 -101,000000 0,000000 0,000000
812 1682701553 3,600000 -1,000000 -101,000000 0,000000 0,000000
812 1682701554 2,600000 -1,000000 -101,000000 0,000000 0,000000
812 1682701555 2,600000 -1,000000 -101,000000 0,000000 0,000000
812 1682701556 2,600000 -1,000000 -101,000000 0,000000 0,000000
812 1682701557 2,600000 -1,000000 -101,000000 0,000000 0,000000
812 1682701558 2,600000 -1,000000 -101,000000 0,000000 0,000000
812 1682701559 3,200000 -1,000000 -101,000000 0,000000 0,000000
812 1682701560 3,200000 -1,000000 -101,000000 0,000000 0,000000
812 1682701561 3,200000 -1,000000 -101,000000 0,000000 0,000000
812 1682701562 3,200000 -1,000000 -101,000000 0,000000 0,000000
812 1682701563 3,200000 -1,000000 -101,000000 0,000000 0,000000
812 1682701564 3,200000 -1,000000 -101,000000 0,000000 0,000000
812 1682701565 3,200000 -1,000000 -101,000000 0,000000 0,000000
812 1682701566 3,200000 -1,000000 -101,000000 0,000000 0,000000
812 1682701567 3,200000 -1,000000 -101,000000 0,000000 0,000000
812 1682701568 3,200000 -1,000000 -101,000000 0,000000 0,000000
812 1682701569 4,800000 -1,000000 -101,000000 0,000000 0,000000
812 1682701570 4,800000 -1,000000 -101,000000 0,000000 0,000000
812 1682701571 4,800000 -1,000000 -101,000000 0,000000 0,000000
812 1682701572 4,800000 -1,000000 -101,000000 0,000000 0,000000
812 1682701573 4,800000 -1,000000 -101,000000 0,000000 0,000000
812 1682701574 2,600000 -1,000000 -101,000000 0,000000 0,000000
812 1682701575 2,600000 -1,000000 -101,000000 0,000000 0,000000
812 1682701576 2,600000 -1,000000 -101,000000 0,000000 0,000000
812 1682701577 2,600000 -1,000000 -101,000000 0,000000 0,000000
812 1682701578 2,600000 -1,000000 -101,000000 0,000000 0,000000
812 1682701579 2,400000 -1,000000 -101,000000 0,000000 0,000000
812 1682701580 2,400000 -1,000000 -101,000000 0,000000 0,000000
812 1682701581 2,400000 -1,000000 -101,000000 0,000000 0,000000
812 1682701582 2,400000 -1,000000 -101,000000 0,000000 0,000000
812 1682701583 2,400000 -1,000000 -101,000000 0,000000 0,000000
812 1682701584 3,800000 -1,000000 -101,000000 0,000000 0,000000
812 1682701585 3,800000 -1,000000 -101,000000 0,000000 0,000000
812 1682701586 3,800000 -1,000000 -101,000000 0,000000 0,000000
812 1682701587 3,800000 -1,000000 -101,000000 0,000000 0,000000
812 1682701588 3,800000 -1,000000 -101,000000 0,000000 0,000000
812 1682701589 3,800000 -1,000000 -101,000000 0,000000 0,000000
812 1682701590 3,800000 -1,000000 -101,000000 0,000000 0,000000
812 1682701591 3,800000 -1,000000 -101,000000 0,000000 0,000000
812 1682701592 3,800000 -1,000000 -101,000000 0,000000 0,000000
812 1682701593 3,800000 -1,000000 -101,000000 0,000000 0,000000
812 1682701594 2,000000 -1,000000 -101,000000 0,000000 0,000000
812 1682701595 2,000000 -1,000000 -101,000000 0,000000 0,000000
812 1682701596 2,000000 -1,000000 -101,000000 0,000000 0,000000
812 1682701597 2,000000 -1,000000 -101,000000 0,000000 0,000000
812 1682701598 2,000000 -1,000000 -101,000000 0,000000 0,000000
812 1682701599 4,400000 -1,000000 -101,000000 0,000000 0,000000
812 1682701600 4,400000 -1,000000 -101,000000 0,000000 0,000000
812 1682701601 4,400000 -1,000000 -101,000000 0,000000 0,000000
812 1682701602 4,400000 -1,000000 -101,000000 0,000000 0,000000
812 1682701603 4,400000 -1,000000 -101,000000 0,000000 0,000000
812 1682701604 3,800000 -1,000000 -101,000000 0,000000 0,000000
812 1682701605 3,800000 -1,000000 -101,000000 0,000000 0,000000
812 1682701606 3,800000 -1,000000 -101,000000 0,000000 0,000000
812 1682701607 3,800000 -1,000000 -101,000000 0,000000 0,000000
812 1682701608 3,800000 -1,000000 -101,000000 0,000000 0,000000
812 1682701609 3,200000 -1,000000 -101,000000 0,000000 0,000000
812 1682701610 3,200000 -1,000000 -101,000000 0,000000 0,000000
812 1682701611 3,200000 -1,000000 -101,000000 0,000000 0,000000
812 1682701612 3,200000 -1,000000 -101,000000 0,000000 0,000000
812 1682701613 3,200000 -1,000000 -101,000000 0,000000 0,000000
812 1682701614 2,600000 -1,000000 -101,000000 0,000000 0,000000
812 1682701615 2,600000 -1,000000 -101,000000 0,000000 0,000000
812 1682701616 2,600000 -1,000000 -101,000000 0,000000 0,000000
812 1682701617 2,600000 -1,000000 -101,000000 0,000000 0,000000
812 1682701618 2,600000 -1,000000 -101,000000 0,000000 0,000000
812 1682701619 3,200000 -1,000000 -101,000000 0,000000 0,000000
812 1682701620 3,200000 -1,000000 -101,000000 0,000000 0,000000
812 1682701621 3,200000 -1,000000 -101,000000 0,000000 0,000000
812 1682701622 3,200000 -1,000000 -101,000000 0,000000 0,000000
812 1682701623 3,200000 -1,000000 -101,000000 0,000000 0,000000
812 1682701624 4,400000 -1,000000 -101,000000 0,000000 0,000000
812 1682701625 4,400000 -1,000000 -101,000000 0,000000 0,000000
812 1682701626 4,400000 -1,000000 -101,000000 0,000000 0,000000
812 1682701627 4,400000 -1,000000 -101,000000 0,000000 0,000000
812 1682701628 4,400000 -1,000000 -101,000000 0,000000 0,000000
812 1682701629 3,800000 -1,000000 -101,000000 0,000000 0,000000
812 1682701630 3,800000 -1,000000 -101,000000 0,000000 0,000000
812 1682701631 3,800000 -1,000000 -101,000000 0,000000 0,000000
812 1682701632 3,800000 -1,000000 -101,000000 0,000000 0,000000
812 1682701633 3,800000 -1,000000 -101,000000 0,000000 0,000000
812 1682701634 2,400000 -1,000000 -101,000000 0,000000 0,000000
812 1682701635 2,400000 -1,000000 -101,000000 0,000000 0,000000
812 1682701636 2,400000 -1,000000 -101,000000 0,000000 0,000000
812 1682701637 2,400000 -1,000000 -101,000000 0,000000 0,000000
812 1682701638 2,400000 -1,000000 -101,000000 0,000000 0,000000
812 1682701639 2,600000 -1,000000 -101,000000 0,000000 0,000000
812 1682701640 2,600000 -1,000000 -101,000000 0,000000 0,000000
812 1682701641 2,600000 -1,000000 -101,000000 0,000000 0,000000
812 1682701642 2,600000 -1,000000 -101,000000 0,000000 0,000000
812 1682701643 2,600000 -1,000000 -101,000000 0,000000 0,000000
812 1682701644 3,000000 -1,000000 -101,000000 0,000000 0,000000
812 1682701645 3,000000 -1,000000 -101,000000 0,000000 0,000000
812 1682701646 3,000000 -1,000000 -101,000000 0,000000 0,000000
812 1682701647 3,000000 -1,000000 -101,000000 0,000000 0,000000
812 1682701648 3,000000 -1,000000 -101,000000 0,000000 0,000000
812 1682701649 5,600000 -1,000000 -101,000000 0,000000 0,000000
812 1682701650 5,600000 -1,000000 -101,000000 0,000000 0,000000
812 1682701651 5,600000 -1,000000 -101,000000 0,000000 0,000000
812 1682701652 5,600000 -1,000000 -101,000000 0,000000 0,000000
812 1682701653 5,600000 -1,000000 -101,000000 0,000000 0,000000
812 1682701654 2,000000 -1,000000 -101,000000 0,000000 0,000000
812 1682701655 2,000000 -1,000000 -101,000000 0,000000 0,000000
812 1682701656 2,000000 -1,000000 -101,000000 0,000000 0,000000
812 1682701657 2,000000 -1,000000 -101,000000 0,000000 0,000000
812 1682701658 2,000000 -1,000000 -101,000000 0,000000 0,000000
812 1682701659 2,600000 -1,000000 -101,000000 0,000000 0,000000
812 1682701660 2,600000 -1,000000 -101,000000 0,000000 0,000000
812 1682701661 2,600000 -1,000000 -101,000000 0,000000 0,000000
812 1682701662 2,600000 -1,000000 -101,000000 0,000000 0,000000
812 1682701663 2,600000 -1,000000 -101,000000 0,000000 0,000000
812 1682701664 4,400000 -1,000000 -101,000000 0,000000 0,000000
812 1682701665 4,400000 -1,000000 -101,000000 0,000000 0,000000
812 1682701666 4,400000 -1,000000 -101,000000 0,000000 0,000000
812 1682701667 4,400000 -1,000000 -101,000000 0,000000 0,000000
812 1682701668 4,400000 -1,000000 -101,000000 0,000000 0,000000
812 1682701669 3,200000 -1,000000 -101,000000 0,000000 0,000000
812 1682701670 3,200000 -1,000000 -101,000000 0,000000 0,000000
812 1682701671 3,200000 -1,000000 -101,000000 0,000000 0,000000
812 1682701672 3,200000 -1,000000 -101,000000 0,000000 0,000000
812 1682701673 3,200000 -1,000000 -101,000000 0,000000 0,000000
812 1682701674 2,800000 -1,000000 -101,000000 0,000000 0,000000
812 1682701675 2,800000 -1,000000 -101,000000 0,000000 0,000000
812 1682701676 2,800000 -1,000000 -101,000000 0,000000 0,000000
812 1682701677 2,800000 -1,000000 -101,000000 0,000000 0,000000
812 1682701678 2,800000 -1,000000 -101,000000 0,000000 0,000000
812 1682701679 3,200000 -1,000000 -101,000000 0,000000 0,000000
812 1682701680 3,200000 -1,000000 -101,000000 0,000000 0,000000
812 1682701681 3,200000 -1,000000 -101,000000 0,000000 0,000000
812 1682701682 3,200000 -1,000000 -101,000000 0,000000 0,000000
812 1682701683 3,200000 -1,000000 -101,000000 0,000000 0,000000
812 1682701684 3,800000 -1,000000 -101,000000 0,000000 0,000000
812 1682701685 3,800000 -1,000000 -101,000000 0,000000 0,000000
812 1682701686 3,800000 -1,000000 -101,000000 0,000000 0,000000
812 1682701687 3,800000 -1,000000 -101,000000 0,000000 0,000000
812 1682701688 3,800000 -1,000000 -101,000000 0,000000 0,000000
812 1682701689 2,600000 -1,000000 -101,000000 0,000000 0,000000
812 1682701690 2,600000 -1,000000 -101,000000 0,000000 0,000000
812 1682701691 2,600000 -1,000000 -101,000000 0,000000 0,000000
812 1682701692 2,600000 -1,000000 -101,000000 0,000000 0,000000
812 1682701693 2,600000 -1,000000 -101,000000 0,000000 0,000000
812 1682701694 3,800000 -1,000000 -101,000000 0,000000 0,000000
812 1682701695 3,800000 -1,000000 -101,000000 0,000000 0,000000
812 1682701696 3,800000 -1,000000 -101,000000 0,000000 0,000000
812 1682701697 3,800000 -1,000000 -101,000000 0,000000 0,000000
812 1682701698 3,800000 -1,000000 -101,000000 0,000000 0,000000
812 1682701699 2,600000 -1,000000 -101,000000 0,000000 0,000000
812 1682701700 2,600000 -1,000000 -101,000000 0,000000 0,000000
812 1682701701 2,600000 -1,000000 -101,000000 0,000000 0,000000
812 1682701702 2,600000 -1,000000 -101,000000 0,000000 0,000000
812 1682701703 2,600000 -1,000000 -101,000000 0,000000 0,000000
812 1682701704 4,400000 -1,000000 -101,000000 0,000000 0,000000
812 1682701705 4,400000 -1,000000 -101,000000 0,000000 0,000000
812 1682701706 4,400000 -1,000000 -101,000000 0,000000 0,000000
812 1682701707 4,400000 -1,000000 -101,000000 0,000000 0,000000
812 1682701708 4,400000 -1,000000 -101,000000 0,000000 0,000000
812 1682701709 3,800000 -1,000000 -101,000000 0,000000 0,000000
812 1682701710 3,800000 -1,000000 -101,000000 0,000000 0,000000
812 1682701711 3,800000 -1,000000 -101,000000 0,000000 0,000000
812 1682701712 3,800000 -1,000000 -101,000000 0,000000 0,000000
812 1682701713 3,800000 -1,000000 -101,000000 0,000000 0,000000
812 1682701714 2,600000 -1,000000 -101,000000 0,000000 0,000000
812 1682701715 2,600000 -1,000000 -101,000000 0,000000 0,000000
812 1682701716 2,600000 -1,000000 -101,000000 0,000000 0,000000
812 1682701717 2,600000 -1,000000 -101,000000 0,000000 0,000000
812 1682701718 2,600000 -1,000000 -101,000000 0,000000 0,000000
812 1682701719 2,000000 -1,000000 -101,000000 0,000000 0,000000
812 1682701720 2,000000 -1,000000 -101,000000 0,000000 0,000000
812 1682701721 2,000000 -1,000000 -101,000000 0,000000 0,000000
812 1682701722 2,000000 -1,000000 -101,000000 0,000000 0,000000
812 1682701723 2,000000 -1,000000 -101,000000 0,000000 0,000000
812 1682701724 5,600000 -1,000000 -101,000000 0,000000 0,000000
812 1682701725 5,600000 -1,000000 -101,000000 0,000000 0,000000
812 1682701726 5,600000 -1,000000 -101,000000 0,000000 0,000000
812 1682701727 5,600000 -1,000000 -101,000000 0,000000 0,000000
812 1682701728 5,600000 -1,000000 -101,000000 0,000000 0,000000
812 1682701729 3,200000 -1,000000 -101,000000 0,000000 0,000000
812 1682701730 3,200000 -1,000000 -101,000000 0,000000 0,000000
812 1682701731 3,200000 -1,000000 -101,000000 0,000000 0,000000
812 1682701732 3,200000 -1,000000 -101,000000 0,000000 0,000000
812 1682701733 3,200000 -1,000000 -101,000000 0,000000 0,000000
812 1682701734 2,400000 -1,000000 -101,000000 0,000000 0,000000
812 1682701735 2,400000 -1,000000 -101,000000 0,000000 0,000000
812 1682701736 2,400000 -1,000000 -101,000000 0,000000 0,000000
812 1682701737 2,400000 -1,000000 -101,000000 0,000000 0,000000
812 1682701738 2,400000 -1,000000 -101,000000 0,000000 0,000000
812 1682701739 3,000000 -1,000000 -101,000000 0,000000 0,000000
812 1682701740 3,000000 -1,000000 -101,000000 0,000000 0,000000
812 1682701741 3,000000 -1,000000 -101,000000 0,000000 0,000000
812 1682701742 3,000000 -1,000000 -101,000000 0,000000 0,000000
812 1682701743 3,000000 -1,000000 -101,000000 0,000000 0,000000
812 1682701744 3,000000 -1,000000 -101,000000 0,000000 0,000000
812 1682701745 3,000000 -1,000000 -101,000000 0,000000 0,000000
812 1682701746 3,000000 -1,000000 -101,000000 0,000000 0,000000
812 1682701747 3,000000 -1,000000 -101,000000 0,000000 0,000000
812 1682701748 3,000000 -1,000000 -101,000000 0,000000 0,000000
812 1682701749 3,200000 -1,000000 -101,000000 0,000000 0,000000
812 1682701750 3,200000 -1,000000 -101,000000 0,000000 0,000000
812 1682701751 3,200000 -1,000000 -101,000000 0,000000 0,000000
812 1682701752 3,200000 -1,000000 -101,000000 0,000000 0,000000
812 1682701753 3,200000 -1,000000 -101,000000 0,000000 0,000000
812 1682701754 5,000000 -1,000000 -101,000000 0,000000 0,000000
812 1682701755 5,000000 -1,000000 -101,000000 0,000000 0,000000
