826 1682700339 0,800000 -1,000000 -101,000000 0,000000 0,000000
826 1682700340 0,800000 -1,000000 -101,000000 0,000000 0,000000
826 1682700341 0,800000 -1,000000 -101,000000 0,000000 0,000000
826 1682700342 0,800000 -1,000000 -101,000000 0,000000 0,000000
826 1682700343 0,800000 -1,000000 -101,000000 0,000000 0,000000
826 1682700344 1,400000 -1,000000 -101,000000 0,000000 0,000000
826 1682700345 1,400000 -1,000000 -101,000000 0,000000 0,000000
826 1682700346 1,400000 -1,000000 -101,000000 0,000000 0,000000
826 1682700347 1,400000 -1,000000 -101,000000 0,000000 0,000000
826 1682700348 1,400000 -1,000000 -101,000000 0,000000 0,000000
826 1682700349 1,200000 -1,000000 -101,000000 0,000000 0,000000
826 1682700350 1,200000 -1,000000 -101,000000 0,000000 0,000000
826 1682700351 1,200000 -1,000000 -101,000000 0,000000 0,000000
826 1682700352 1,200000 -1,000000 -101,000000 0,000000 0,000000
826 1682700353 1,200000 -1,000000 -101,000000 0,000000 0,000000
826 1682700354 1,000000 -1,000000 -101,000000 0,000000 0,000000
826 1682700355 1,000000 -1,000000 -101,000000 0,000000 0,000000
826 1682700356 1,000000 -1,000000 -101,000000 0,000000 0,000000
826 1682700357 1,000000 -1,000000 -101,000000 0,000000 0,000000
826 1682700358 1,000000 -1,000000 -101,000000 0,000000 0,000000
826 1682700359 1,600000 -1,000000 -101,000000 0,000000 0,000000
826 1682700360 1,600000 -1,000000 -101,000000 0,000000 0,000000
826 1682700361 1,600000 -1,000000 -101,000000 0,000000 0,000000
826 1682700362 1,600000 -1,000000 -101,000000 0,000000 0,000000
826 1682700363 1,600000 -1,000000 -101,000000 0,000000 0,000000
826 1682700364 2,800000 -1,000000 -101,000000 0,000000 0,000000
826 1682700365 2,800000 -1,000000 -101,000000 0,000000 0,000000
826 1682700366 2,800000 -1,000000 -101,000000 0,000000 0,000000
826 1682700367 2,800000 -1,000000 -101,000000 0,000000 0,000000
826 1682700368 2,800000 -1,000000 -101,000000 0,000000 0,000000
826 1682700369 1,800000 -1,000000 -101,000000 0,000000 0,000000
826 1682700370 1,800000 -1,000000 -101,000000 0,000000 0,000000
826 1682700371 1,800000 -1,000000 -101,000000 0,000000 0,000000
826 1682700372 1,800000 -1,000000 -101,000000 0,000000 0,000000
826 1682700373 1,800000 -1,000000 -101,000000 0,000000 0,000000
826 1682700374 2,600000 -1,000000 -101,000000 0,000000 0,000000
826 1682700375 2,600000 -1,000000 -101,000000 0,000000 0,000000
826 1682700376 2,600000 -1,000000 -101,000000 0,000000 0,000000
826 1682700377 2,600000 -1,000000 -101,000000 0,000000 0,000000
826 1682700378 2,600000 -1,000000 -101,000000 0,000000 0,000000
826 1682700379 2,200000 -1,000000 -101,000000 0,000000 0,000000
826 1682700380 2,200000 -1,000000 -101,000000 0,000000 0,000000
826 1682700381 2,200000 -1,000000 -101,000000 0,000000 0,000000
826 1682700382 2,200000 -1,000000 -101,000000 0,000000 0,000000
826 1682700383 2,200000 -1,000000 -101,000000 0,000000 0,000000
826 1682700384 4,200000 -1,000000 -101,000000 0,000000 0,000000
826 1682700385 4,200000 -1,000000 -101,000000 0,000000 0,000000
826 1682700386 4,200000 -1,000000 -101,000000 0,000000 0,000000
826 1682700387 4,200000 -1,000000 -101,000000 0,000000 0,000000
826 1682700388 4,200000 -1,000000 -101,000000 0,000000 0,000000
826 1682700389 3,600000 -1,000000 -101,000000 0,000000 0,000000
826 1682700390 3,600000 -1,000000 -101,000000 0,000000 0,000000
826 1682700391 3,600000 -1,000000 -101,000000 0,000000 0,000000
826 1682700392 3,600000 -1,000000 -101,000000 0,000000 0,000000
826 1682700393 3,600000 -1,000000 -101,000000 0,000000 0,000000
826 1682700394 3,600000 -1,000000 -101,000000 0,000000 0,000000
826 1682700395 3,600000 -1,000000 -101,000000 0,000000 0,000000
826 1682700396 3,600000 -1,000000 -101,000000 0,000000 0,000000
826 1682700397 3,600000 -1,000000 -101,000000 0,000000 0,000000
826 1682700398 3,600000 -1,000000 -101,000000 0,000000 0,000000
826 1682700399 2,600000 -1,000000 -101,000000 0,000000 0,000000
826 1682700400 2,600000 -1,000000 -101,000000 0,000000 0,000000
826 1682700401 2,600000 -1,000000 -101,000000 0,000000 0,000000
826 1682700402 2,600000 -1,000000 -101,000000 0,000000 0,000000
826 1682700403 2,600000 -1,000000 -101,000000 0,000000 0,000000
826 1682700404 5,600000 -1,000000 -101,000000 0,000000 0,000000
826 1682700405 5,600000 -1,000000 -101,000000 0,000000 0,000000
826 1682700406 5,600000 -1,000000 -101,000000 0,000000 0,000000
826 1682700407 5,600000 -1,000000 -101,000000 0,000000 0,000000
826 1682700408 5,600000 -1,000000 -101,000000 0,000000 0,000000
826 1682700409 6,400000 -1,000000 -101,000000 0,000000 0,000000
826 1682700410 6,400000 -1,000000 -101,000000 0,000000 0,000000
826 1682700411 6,400000 -1,000000 -101,000000 0,000000 0,000000
826 1682700412 6,400000 -1,000000 -101,000000 0,000000 0,000000
826 1682700413 6,400000 -1,000000 -101,000000 0,000000 0,000000
826 1682700414 4,200000 -1,000000 -101,000000 0,000000 0,000000
826 1682700415 4,200000 -1,000000 -101,000000 0,000000 0,000000
826 1682700416 4,200000 -1,000000 -101,000000 0,000000 0,000000
826 1682700417 4,200000 -1,000000 -101,000000 0,000000 0,000000
826 1682700418 4,200000 -1,000000 -101,000000 0,000000 0,000000
826 1682700419 4,600000 -1,000000 -101,000000 0,000000 0,000000
826 1682700420 4,600000 -1,000000 -101,000000 0,000000 0,000000
826 1682700421 4,600000 -1,000000 -101,000000 0,000000 0,000000
826 1682700422 4,600000 -1,000000 -101,000000 0,000000 0,000000
826 1682700423 4,600000 -1,000000 -101,000000 0,000000 0,000000
826 1682700424 7,400000 -1,000000 -101,000000 0,000000 0,000000
826 1682700425 7,400000 -1,000000 -101,000000 0,000000 0,000000
826 1682700426 7,400000 -1,000000 -101,000000 0,000000 0,000000
826 1682700427 7,400000 -1,000000 -101,000000 0,000000 0,000000
826 1682700428 7,400000 -1,000000 -101,000000 0,000000 0,000000
826 1682700429 6,600000 -1,000000 -101,000000 0,000000 0,000000
826 1682700430 6,600000 -1,000000 -101,000000 0,000000 0,000000
826 1682700431 6,600000 -1,000000 -101,000000 0,000000 0,000000
826 1682700432 6,600000 -1,000000 -101,000000 0,000000 0,000000
826 1682700433 6,600000 -1,000000 -101,000000 0,000000 0,000000
826 1682700434 6,400000 -1,000000 -101,000000 0,000000 0,000000
826 1682700435 6,400000 -1,000000 -101,000000 0,000000 0,000000
826 1682700436 6,400000 -1,000000 -101,000000 0,000000 0,000000
826 1682700437 6,400000 -1,000000 -101,000000 0,000000 0,000000
826 1682700438 6,400000 -1,000000 -101,000000 0,000000 0,000000
826 1682700439 8,000000 -1,000000 -101,000000 0,000000 0,000000
826 1682700440 8,000000 -1,000000 -101,000000 0,000000 0,000000
826 1682700441 8,000000 -1,000000 -101,000000 0,000000 0,000000
826 1682700442 8,000000 -1,000000 -101,000000 0,000000 0,000000
826 1682700443 8,000000 -1,000000 -101,000000 0,000000 0,000000
826 1682700444 6,200000 -1,000000 -101,000000 0,000000 0,000000
826 1682700445 6,200000 -1,000000 -101,000000 0,000000 0,000000
826 1682700446 6,200000 -1,000000 -101,000000 0,000000 0,000000
826 1682700447 6,200000 -1,000000 -101,000000 0,000000 0,000000
826 1682700448 6,200000 -1,000000 -101,000000 0,000000 0,000000
826 1682700449 7,800000 -1,000000 -101,000000 0,000000 0,000000
826 1682700450 7,800000 -1,000000 -101,000000 0,000000 0,000000
826 1682700451 7,800000 -1,000000 -101,000000 0,000000 0,000000
826 1682700452 7,800000 -1,000000 -101,000000 0,000000 0,000000
826 1682700453 7,800000 -1,000000 -101,000000 0,000000 0,000000
826 1682700454 8,400000 -1,000000 -101,000000 0,000000 0,000000
826 1682700455 8,400000 -1,000000 -101,000000 0,000000 0,000000
826 1682700456 8,400000 -1,000000 -101,000000 0,000000 0,000000
826 1682700457 8,400000 -1,000000 -101,000000 0,000000 0,000000
826 1682700458 8,400000 -1,000000 -101,000000 0,000000 0,000000
826 1682700459 8,400000 -1,000000 -101,000000 0,000000 0,000000
826 1682700460 8,400000 -1,000000 -101,000000 0,000000 0,000000
826 1682700461 8,400000 -1,000000 -101,000000 0,000000 0,000000
826 1682700462 8,400000 -1,000000 -101,000000 0,000000 0,000000
826 1682700463 8,400000 -1,000000 -101,000000 0,000000 0,000000
826 1682700464 10,400000 -1,000000 -101,000000 0,000000 0,000000
826 1682700465 10,400000 -1,000000 -101,000000 0,000000 0,000000
826 1682700466 10,400000 -1,000000 -101,000000 0,000000 0,000000
826 1682700467 10,400000 -1,000000 -101,000000 0,000000 0,000000
826 1682700468 10,400000 -1,000000 -101,000000 0,000000 0,000000
826 1682700469 10,800000 -1,000000 -101,000000 0,000000 0,000000
826 1682700470 10,800000 -1,000000 -101,000000 0,000000 0,000000
826 1682700471 10,800000 -1,000000 -101,000000 0,000000 0,000000
826 1682700472 10,800000 -1,000000 -101,000000 0,000000 0,000000
826 1682700473 10,800000 -1,000000 -101,000000 0,000000 0,000000
826 1682700474 6,000000 -1,000000 -101,000000 0,000000 0,000000
826 1682700475 6,000000 -1,000000 -101,000000 0,000000 0,000000
826 1682700476 6,000000 -1,000000 -101,000000 0,000000 0,000000
826 1682700477 6,000000 -1,000000 -101,000000 0,000000 0,000000
826 1682700478 6,000000 -1,000000 -101,000000 0,000000 0,000000
826 1682700479 9,000000 -1,000000 -101,000000 0,000000 0,000000
826 1682700480 9,000000 -1,000000 -101,000000 0,000000 0,000000
826 1682700481 9,000000 -1,000000 -101,000000 0,000000 0,000000
826 1682700482 9,000000 -1,000000 -101,000000 0,000000 0,000000
826 1682700483 9,000000 -1,000000 -101,000000 0,000000 0,000000
826 1682700484 12,600000 -1,000000 -101,000000 0,000000 0,000000
826 1682700485 12,600000 -1,000000 -101,000000 0,000000 0,000000
826 1682700486 12,600000 -1,000000 -101,000000 0,000000 0,000000
826 1682700487 12,600000 -1,000000 -101,000000 0,000000 0,000000
826 1682700488 12,600000 -1,000000 -101,000000 0,000000 0,000000
826 1682700489 10,000000 -1,000000 -101,000000 0,000000 0,000000
826 1682700490 10,000000 -1,000000 -101,000000 0,000000 0,000000
826 1682700491 10,000000 -1,000000 -101,000000 0,000000 0,000000
826 1682700492 10,000000 -1,000000 -101,000000 0,000000 0,000000
826 1682700493 10,000000 -1,000000 -101,000000 0,000000 0,000000
826 1682700494 7,800000 -1,000000 -101,000000 0,000000 0,000000
826 1682700495 7,800000 -1,000000 -101,000000 0,000000 0,000000
826 1682700496 7,800000 -1,000000 -101,000000 0,000000 0,000000
826 1682700497 7,800000 -1,000000 -101,000000 0,000000 0,000000
826 1682700498 7,800000 -1,000000 -101,000000 0,000000 0,000000
826 1682700499 10,800000 -1,000000 -101,000000 0,000000 0,000000
826 1682700500 10,800000 -1,000000 -101,000000 0,000000 0,000000
826 1682700501 10,800000 -1,000000 -101,000000 0,000000 0,000000
826 1682700502 10,800000 -1,000000 -101,000000 0,000000 0,000000
826 1682700503 10,800000 -1,000000 -101,000000 0,000000 0,000000
826 1682700504 8,200000 -1,000000 -101,000000 0,000000 0,000000
826 1682700505 8,200000 -1,000000 -101,000000 0,000000 0,000000
826 1682700506 8,200000 -1,000000 -101,000000 0,000000 0,000000
826 1682700507 8,200000 -1,000000 -101,000000 0,000000 0,000000
826 1682700508 8,200000 -1,000000 -101,000000 0,000000 0,000000
826 1682700509 10,800000 -1,000000 -101,000000 0,000000 0,000000
826 1682700510 10,800000 -1,000000 -101,000000 0,000000 0,000000
826 1682700511 10,800000 -1,000000 -101,000000 0,000000 0,000000
826 1682700512 10,800000 -1,000000 -101,000000 0,000000 0,000000
826 1682700513 10,800000 -1,000000 -101,000000 0,000000 0,000000
826 1682700514 11,400000 -1,000000 -101,000000 0,000000 0,000000
826 1682700515 11,400000 -1,000000 -101,000000 0,000000 0,000000
826 1682700516 11,400000 -1,000000 -101,000000 0,000000 0,000000
826 1682700517 11,400000 -1,000000 -101,000000 0,000000 0,000000
826 1682700518 11,400000 -1,000000 -101,000000 0,000000 0,000000
826 1682700519 7,800000 -1,000000 -101,000000 0,000000 0,000000
826 1682700520 7,800000 -1,000000 -101,000000 0,000000 0,000000
826 1682700521 7,800000 -1,000000 -101,000000 0,000000 0,000000
826 1682700522 7,800000 -1,000000 -101,000000 0,000000 0,000000
826 1682700523 7,800000 -1,000000 -101,000000 0,000000 0,000000
826 1682700524 8,800000 -1,000000 -101,000000 0,000000 0,000000
826 1682700525 8,800000 -1,000000 -101,000000 0,000000 0,000000
826 1682700526 8,800000 -1,000000 -101,000000 0,000000 0,000000
826 1682700527 8,800000 -1,000000 -101,000000 0,000000 0,000000
826 1682700528 8,800000 -1,000000 -101,000000 0,000000 0,000000
826 1682700529 11,200000 -1,000000 -101,000000 0,000000 0,000000
826 1682700530 11,200000 -1,000000 -101,000000 0,000000 0,000000
826 1682700531 11,200000 -1,000000 -101,000000 0,000000 0,000000
826 1682700532 11,200000 -1,000000 -101,000000 0,000000 0,000000
826 1682700533 11,200000 -1,000000 -101,000000 0,000000 0,000000
826 1682700534 8,400000 -1,000000 -101,000000 0,000000 0,000000
826 1682700535 8,400000 -1,000000 -101,000000 0,000000 0,000000
826 1682700536 8,400000 -1,000000 -101,000000 0,000000 0,000000
826 1682700537 8,400000 -1,000000 -101,000000 0,000000 0,000000
826 1682700538 8,400000 -1,000000 -101,000000 0,000000 0,000000
826 1682700539 9,400000 -1,000000 -101,000000 0,000000 0,000000
826 1682700540 9,400000 -1,000000 -101,000000 0,000000 0,000000
826 1682700541 9,400000 -1,000000 -101,000000 0,000000 0,000000
826 1682700542 9,400000 -1,000000 -101,000000 0,000000 0,000000
826 1682700543 9,400000 -1,000000 -101,000000 0,000000 0,000000
826 1682700544 9,800000 -1,000000 -101,000000 0,000000 0,000000
826 1682700545 9,800000 -1,000000 -101,000000 0,000000 0,000000
826 1682700546 9,800000 -1,000000 -101,000000 0,000000 0,000000
826 1682700547 9,800000 -1,000000 -101,000000 0,000000 0,000000
826 1682700548 9,800000 -1,000000 -101,000000 0,000000 0,000000
826 1682700549 6,800000 -1,000000 -101,000000 0,000000 0,000000
826 1682700550 6,800000 -1,000000 -101,000000 0,000000 0,000000
826 1682700551 6,800000 -1,000000 -101,000000 0,000000 0,000000
826 1682700552 6,800000 -1,000000 -101,000000 0,000000 0,000000
826 1682700553 6,800000 -1,000000 -101,000000 0,000000 0,000000
826 1682700554 8,600000 -1,000000 -101,000000 0,000000 0,000000
826 1682700555 8,600000 -1,000000 -101,000000 0,000000 0,000000
826 1682700556 8,600000 -1,000000 -101,000000 0,000000 0,000000
826 1682700557 8,600000 -1,000000 -101,000000 0,000000 0,000000
826 1682700558 8,600000 -1,000000 -101,000000 0,000000 0,000000
826 1682700559 10,600000 -1,000000 -101,000000 0,000000 0,000000
826 1682700560 10,600000 -1,000000 -101,000000 0,000000 0,000000
826 1682700561 10,600000 -1,000000 -101,000000 0,000000 0,000000
826 1682700562 10,600000 -1,000000 -101,000000 0,000000 0,000000
826 1682700563 10,600000 -1,000000 -101,000000 0,000000 0,000000
826 1682700564 11,000000 -1,000000 -101,000000 0,000000 0,000000
826 1682700565 11,000000 -1,000000 -101,000000 0,000000 0,000000
826 1682700566 11,000000 -1,000000 -101,000000 0,000000 0,000000
826 1682700567 11,000000 -1,000000 -101,000000 0,000000 0,000000
826 1682700568 11,000000 -1,000000 -101,000000 0,000000 0,000000
826 1682700569 10,000000 -1,000000 -101,000000 0,000000 0,000000
826 1682700570 10,000000 -1,000000 -101,000000 0,000000 0,000000
826 1682700571 10,000000 -1,000000 -101,000000 0,000000 0,000000
826 1682700572 10,000000 -1,000000 -101,000000 0,000000 0,000000
826 1682700573 10,000000 -1,000000 -101,000000 0,000000 0,000000
826 1682700574 9,600000 -1,000000 -101,000000 0,000000 0,000000
826 1682700575 9,600000 -1,000000 -101,000000 0,000000 0,000000
826 1682700576 9,600000 -1,000000 -101,000000 0,000000 0,000000
826 1682700577 9,600000 -1,000000 -101,000000 0,000000 0,000000
826 1682700578 9,600000 -1,000000 -101,000000 0,000000 0,000000
826 1682700579 6,600000 -1,000000 -101,000000 0,000000 0,000000
826 1682700580 6,600000 -1,000000 -101,000000 0,000000 0,000000
826 1682700581 6,600000 -1,000000 -101,000000 0,000000 0,000000
826 1682700582 6,600000 -1,000000 -101,000000 0,000000 0,000000
826 1682700583 6,600000 -1,000000 -101,000000 0,000000 0,000000
826 1682700584 7,200000 -1,000000 -101,000000 0,000000 0,000000
826 1682700585 7,200000 -1,000000 -101,000000 0,000000 0,000000
826 1682700586 7,200000 -1,000000 -101,000000 0,000000 0,000000
826 1682700587 7,200000 -1,000000 -101,000000 0,000000 0,000000
826 1682700588 7,200000 -1,000000 -101,000000 0,000000 0,000000
826 1682700589 12,000000 -1,000000 -101,000000 0,000000 0,000000
826 1682700590 12,000000 -1,000000 -101,000000 0,000000 0,000000
826 1682700591 12,000000 -1,000000 -101,000000 0,000000 0,000000
826 1682700592 12,000000 -1,000000 -101,000000 0,000000 0,000000
826 1682700593 12,000000 -1,000000 -101,000000 0,000000 0,000000
826 1682700594 11,600000 -1,000000 -101,000000 0,000000 0,000000
826 1682700595 11,600000 -1,000000 -101,000000 0,000000 0,000000
826 1682700596 11,600000 -1,000000 -101,000000 0,000000 0,000000
826 1682700597 11,600000 -1,000000 -101,000000 0,000000 0,000000
826 1682700598 11,600000 -1,000000 -101,000000 0,000000 0,000000
826 1682700599 6,200000 -1,000000 -101,000000 0,000000 0,000000
826 1682700600 6,200000 -1,000000 -101,000000 0,000000 0,000000
826 1682700601 6,200000 -1,000000 -101,000000 0,000000 0,000000
826 1682700602 6,200000 -1,000000 -101,000000 0,000000 0,000000
826 1682700603 6,200000 -1,000000 -101,000000 0,000000 0,000000
826 1682700604 10,000000 -1,000000 -101,000000 0,000000 0,000000
826 1682700605 10,000000 -1,000000 -101,000000 0,000000 0,000000
826 1682700606 10,000000 -1,000000 -101,000000 0,000000 0,000000
826 1682700607 10,000000 -1,000000 -101,000000 0,000000 0,000000
826 1682700608 10,000000 -1,000000 -101,000000 0,000000 0,000000
826 1682700609 10,200000 -1,000000 -101,000000 0,000000 0,000000
826 1682700610 10,200000 -1,000000 -101,000000 0,000000 0,000000
826 1682700611 10,200000 -1,000000 -101,000000 0,000000 0,000000
826 1682700612 10,200000 -1,000000 -101,000000 0,000000 0,000000
826 1682700613 10,200000 -1,000000 -101,000000 0,000000 0,000000
826 1682700614 10,800000 -1,000000 -101,000000 0,000000 0,000000
826 1682700615 10,800000 -1,000000 -101,000000 0,000000 0,000000
826 1682700616 10,800000 -1,000000 -101,000000 0,000000 0,000000
826 1682700617 10,800000 -1,000000 -101,000000 0,000000 0,000000
826 1682700618 10,800000 -1,000000 -101,000000 0,000000 0,000000
826 1682700619 10,000000 -1,000000 -101,000000 0,000000 0,000000
826 1682700620 10,000000 -1,000000 -101,000000 0,000000 0,000000
826 1682700621 10,000000 -1,000000 -101,000000 0,000000 0,000000
826 1682700622 10,000000 -1,000000 -101,000000 0,000000 0,000000
826 1682700623 10,000000 -1,000000 -101,000000 0,000000 0,000000
826 1682700624 8,400000 -1,000000 -101,000000 0,000000 0,000000
826 1682700625 8,400000 -1,000000 -101,000000 0,000000 0,000000
826 1682700626 8,400000 -1,000000 -101,000000 0,000000 0,000000
826 1682700627 8,400000 -1,000000 -101,000000 0,000000 0,000000
826 1682700628 8,400000 -1,000000 -101,000000 0,000000 0,000000
826 1682700629 8,600000 -1,000000 -101,000000 0,000000 0,000000
826 1682700630 8,600000 -1,000000 -101,000000 0,000000 0,000000
826 1682700631 8,600000 -1,000000 -101,000000 0,000000 0,000000
826 1682700632 8,600000 -1,000000 -101,000000 0,000000 0,000000
826 1682700633 8,600000 -1,000000 -101,000000 0,000000 0,000000
826 1682700634 10,000000 -1,000000 -101,000000 0,000000 0,000000
826 1682700635 10,000000 -1,000000 -101,000000 0,000000 0,000000
826 1682700636 10,000000 -1,000000 -101,000000 0,000000 0,000000
826 1682700637 10,000000 -1,000000 -101,000000 0,000000 0,000000
826 1682700638 10,000000 -1,000000 -101,000000 0,000000 0,000000
826 1682700639 10,600000 -1,000000 -101,000000 0,000000 0,000000
826 1682700640 10,600000 -1,000000 -101,000000 0,000000 0,000000
826 1682700641 10,600000 -1,000000 -101,000000 0,000000 0,000000
826 1682700642 10,600000 -1,000000 -101,000000 0,000000 0,000000
826 1682700643 10,600000 -1,000000 -101,000000 0,000000 0,000000
826 1682700644 7,400000 -1,000000 -101,000000 0,000000 0,000000
826 1682700645 7,400000 -1,000000 -101,000000 0,000000 0,000000
826 1682700646 7,400000 -1,000000 -101,000000 0,000000 0,000000
826 1682700647 7,400000 -1,000000 -101,000000 0,000000 0,000000
826 1682700648 7,400000 -1,000000 -101,000000 0,000000 0,000000
826 1682700649 9,400000 -1,000000 -101,000000 0,000000 0,000000
826 1682700650 9,400000 -1,000000 -101,000000 0,000000 0,000000
826 1682700651 9,400000 -1,000000 -101,000000 0,000000 0,000000
826 1682700652 9,400000 -1,000000 -101,000000 0,000000 0,000000
826 1682700653 9,400000 -1,000000 -101,000000 0,000000 0,000000
826 1682700654 11,800000 -1,000000 -101,000000 0,000000 0,000000
826 1682700655 11,800000 -1,000000 -101,000000 0,000000 0,000000
826 1682700656 11,800000 -1,000000 -101,000000 0,000000 0,000000
826 1682700657 11,800000 -1,000000 -101,000000 0,000000 0,000000
826 1682700658 11,800000 -1,000000 -101,000000 0,000000 0,000000
826 1682700659 6,600000 -1,000000 -101,000000 0,000000 0,000000
826 1682700660 6,600000 -1,000000 -101,000000 0,000000 0,000000
826 1682700661 6,600000 -1,000000 -101,000000 0,000000 0,000000
826 1682700662 6,600000 -1,000000 -101,000000 0,000000 0,000000
826 1682700663 6,600000 -1,000000 -101,000000 0,000000 0,000000
826 1682700664 9,800000 -1,000000 -101,000000 0,000000 0,000000
826 1682700665 9,800000 -1,000000 -101,000000 0,000000 0,000000
826 1682700666 9,800000 -1,000000 -101,000000 0,000000 0,000000
826 1682700667 9,800000 -1,000000 -101,000000 0,000000 0,000000
826 1682700668 9,800000 -1,000000 -101,000000 0,000000 0,000000
826 1682700669 13,000000 -1,000000 -101,000000 0,000000 0,000000
826 1682700670 13,000000 -1,000000 -101,000000 0,000000 0,000000
826 1682700671 13,000000 -1,000000 -101,000000 0,000000 0,000000
826 1682700672 13,000000 -1,000000 -101,000000 0,000000 0,000000
826 1682700673 13,000000 -1,000000 -101,000000 0,000000 0,000000
826 1682700674 8,800000 -1,000000 -101,000000 0,000000 0,000000
826 1682700675 8,800000 -1,000000 -101,000000 0,000000 0,000000
826 1682700676 8,800000 -1,000000 -101,000000 0,000000 0,000000
826 1682700677 8,800000 -1,000000 -101,000000 0,000000 0,000000
826 1682700678 8,800000 -1,000000 -101,000000 0,000000 0,000000
826 1682700679 7,200000 -1,000000 -101,000000 0,000000 0,000000
826 1682700680 7,200000 -1,000000 -101,000000 0,000000 0,000000
826 1682700681 7,200000 -1,000000 -101,000000 0,000000 0,000000
826 1682700682 7,200000 -1,000000 -101,000000 0,000000 0,000000
826 1682700683 7,200000 -1,000000 -101,000000 0,000000 0,000000
826 1682700684 11,400000 -1,000000 -101,000000 0,000000 0,000000
826 1682700685 11,400000 -1,000000 -101,000000 0,000000 0,000000
826 1682700686 11,400000 -1,000000 -101,000000 0,000000 0,000000
826 1682700687 11,400000 -1,000000 -101,000000 0,000000 0,000000
826 1682700688 11,400000 -1,000000 -101,000000 0,000000 0,000000
826 1682700689 9,000000 -1,000000 -101,000000 0,000000 0,000000
826 1682700690 9,000000 -1,000000 -101,000000 0,000000 0,000000
826 1682700691 9,000000 -1,000000 -101,000000 0,000000 0,000000
826 1682700692 9,000000 -1,000000 -101,000000 0,000000 0,000000
826 1682700693 9,000000 -1,000000 -101,000000 0,000000 0,000000
826 1682700694 11,200000 -1,000000 -101,000000 0,000000 0,000000
826 1682700695 11,200000 -1,000000 -101,000000 0,000000 0,000000
826 1682700696 11,200000 -1,000000 -101,000000 0,000000 0,000000
826 1682700697 11,200000 -1,000000 -101,000000 0,000000 0,000000
826 1682700698 11,200000 -1,000000 -101,000000 0,000000 0,000000
826 1682700699 10,200000 -1,000000 -101,000000 0,000000 0,000000
826 1682700700 10,200000 -1,000000 -101,000000 0,000000 0,000000
826 1682700701 10,200000 -1,000000 -101,000000 0,000000 0,000000
826 1682700702 10,200000 -1,000000 -101,000000 0,000000 0,000000
826 1682700703 10,200000 -1,000000 -101,000000 0,000000 0,000000
826 1682700704 7,200000 -1,000000 -101,000000 0,000000 0,000000
826 1682700705 7,200000 -1,000000 -101,000000 0,000000 0,000000
826 1682700706 7,200000 -1,000000 -101,000000 0,000000 0,000000
826 1682700707 7,200000 -1,000000 -101,000000 0,000000 0,000000
826 1682700708 7,200000 -1,000000 -101,000000 0,000000 0,000000
826 1682700709 9,400000 -1,000000 -101,000000 0,000000 0,000000
826 1682700710 9,400000 -1,000000 -101,000000 0,000000 0,000000
826 1682700711 9,400000 -1,000000 -101,000000 0,000000 0,000000
826 1682700712 9,400000 -1,000000 -101,000000 0,000000 0,000000
826 1682700713 9,400000 -1,000000 -101,000000 0,000000 0,000000
826 1682700714 13,200000 -1,000000 -101,000000 0,000000 0,000000
826 1682700715 13,200000 -1,000000 -101,000000 0,000000 0,000000
826 1682700716 13,200000 -1,000000 -101,000000 0,000000 0,000000
826 1682700717 13,200000 -1,000000 -101,000000 0,000000 0,000000
826 1682700718 13,200000 -1,000000 -101,000000 0,000000 0,000000
826 1682700719 7,800000 -1,000000 -101,000000 0,000000 0,000000
826 1682700720 7,800000 -1,000000 -101,000000 0,000000 0,000000
826 1682700721 7,800000 -1,000000 -101,000000 0,000000 0,000000
826 1682700722 7,800000 -1,000000 -101,000000 0,000000 0,000000
826 1682700723 7,800000 -1,000000 -101,000000 0,000000 0,000000
826 1682700724 9,000000 -1,000000 -101,000000 0,000000 0,000000
826 1682700725 9,000000 -1,000000 -101,000000 0,000000 0,000000
826 1682700726 9,000000 -1,000000 -101,000000 0,000000 0,000000
826 1682700727 9,000000 -1,000000 -101,000000 0,000000 0,000000
826 1682700728 9,000000 -1,000000 -101,000000 0,000000 0,000000
826 1682700729 11,200000 -1,000000 -101,000000 0,000000 0,000000
826 1682700730 11,200000 -1,000000 -101,000000 0,000000 0,000000
826 1682700731 11,200000 -1,000000 -101,000000 0,000000 0,000000
826 1682700732 11,200000 -1,000000 -101,000000 0,000000 0,000000
826 1682700733 11,200000 -1,000000 -101,000000 0,000000 0,000000
826 1682700734 8,400000 -1,000000 -101,000000 0,000000 0,000000
826 1682700735 8,400000 -1,000000 -101,000000 0,000000 0,000000
826 1682700736 8,400000 -1,000000 -101,000000 0,000000 0,000000
826 1682700737 8,400000 -1,000000 -101,000000 0,000000 0,000000
826 1682700738 8,400000 -1,000000 -101,000000 0,000000 0,000000
826 1682700739 7,600000 -1,000000 -101,000000 0,000000 0,000000
826 1682700740 7,600000 -1,000000 -101,000000 0,000000 0,000000
826 1682700741 7,600000 -1,000000 -101,000000 0,000000 0,000000
826 1682700742 7,600000 -1,000000 -101,000000 0,000000 0,000000
826 1682700743 7,600000 -1,000000 -101,000000 0,000000 0,000000
826 1682700744 11,400000 -1,000000 -101,000000 0,000000 0,000000
826 1682700745 11,400000 -1,000000 -101,000000 0,000000 0,000000
826 1682700746 11,400000 -1,000000 -101,000000 0,000000 0,000000
826 1682700747 11,400000 -1,000000 -101,000000 0,000000 0,000000
826 1682700748 11,400000 -1,000000 -101,000000 0,000000 0,000000
826 1682700749 8,600000 -1,000000 -101,000000 0,000000 0,000000
826 1682700750 8,600000 -1,000000 -101,000000 0,000000 0,000000
826 1682700751 8,600000 -1,000000 -101,000000 0,000000 0,000000
826 1682700752 8,600000 -1,000000 -101,000000 0,000000 0,000000
826 1682700753 8,600000 -1,000000 -101,000000 0,000000 0,000000
826 1682700754 8,400000 -1,000000 -101,000000 0,000000 0,000000
826 1682700755 8,400000 -1,000000 -101,000000 0,000000 0,000000
826 1682700756 8,400000 -1,000000 -101,000000 0,000000 0,000000
826 1682700757 8,400000 -1,000000 -101,000000 0,000000 0,000000
826 1682700758 8,400000 -1,000000 -101,000000 0,000000 0,000000
826 1682700759 12,000000 -1,000000 -101,000000 0,000000 0,000000
826 1682700760 12,000000 -1,000000 -101,000000 0,000000 0,000000
826 1682700761 12,000000 -1,000000 -101,000000 0,000000 0,000000
826 1682700762 12,000000 -1,000000 -101,000000 0,000000 0,000000
826 1682700763 12,000000 -1,000000 -101,000000 0,000000 0,000000
826 1682700764 7,400000 -1,000000 -101,000000 0,000000 0,000000
826 1682700765 7,400000 -1,000000 -101,000000 0,000000 0,000000
826 1682700766 7,400000 -1,000000 -101,000000 0,000000 0,000000
826 1682700767 7,400000 -1,000000 -101,000000 0,000000 0,000000
826 1682700768 7,400000 -1,000000 -101,000000 0,000000 0,000000
826 1682700769 11,000000 -1,000000 -101,000000 0,000000 0,000000
826 1682700770 11,000000 -1,000000 -101,000000 0,000000 0,000000
826 1682700771 11,000000 -1,000000 -101,000000 0,000000 0,000000
826 1682700772 11,000000 -1,000000 -101,000000 0,000000 0,000000
826 1682700773 11,000000 -1,000000 -101,000000 0,000000 0,000000
826 1682700774 10,000000 -1,000000 -101,000000 0,000000 0,000000
826 1682700775 10,000000 -1,000000 -101,000000 0,000000 0,000000
826 1682700776 10,000000 -1,000000 -101,000000 0,000000 0,000000
826 1682700777 10,000000 -1,000000 -101,000000 0,000000 0,000000
826 1682700778 10,000000 -1,000000 -101,000000 0,000000 0,000000
826 1682700779 7,800000 -1,000000 -101,000000 0,000000 0,000000
826 1682700780 7,800000 -1,000000 -101,000000 0,000000 0,000000
826 1682700781 7,800000 -1,000000 -101,000000 0,000000 0,000000
826 1682700782 7,800000 -1,000000 -101,000000 0,000000 0,000000
826 1682700783 7,800000 -1,000000 -101,000000 0,000000 0,000000
826 1682700784 7,400000 -1,000000 -101,000000 0,000000 0,000000
826 1682700785 7,400000 -1,000000 -101,000000 0,000000 0,000000
826 1682700786 7,400000 -1,000000 -101,000000 0,000000 0,000000
826 1682700787 7,400000 -1,000000 -101,000000 0,000000 0,000000
826 1682700788 7,400000 -1,000000 -101,000000 0,000000 0,000000
826 1682700789 12,400000 -1,000000 -101,000000 0,000000 0,000000
826 1682700790 12,400000 -1,000000 -101,000000 0,000000 0,000000
826 1682700791 12,400000 -1,000000 -101,000000 0,000000 0,000000
826 1682700792 12,400000 -1,000000 -101,000000 0,000000 0,000000
826 1682700793 12,400000 -1,000000 -101,000000 0,000000 0,000000
826 1682700794 9,200000 -1,000000 -101,000000 0,000000 0,000000
826 1682700795 9,200000 -1,000000 -101,000000 0,000000 0,000000
826 1682700796 9,200000 -1,000000 -101,000000 0,000000 0,000000
826 1682700797 9,200000 -1,000000 -101,000000 0,000000 0,000000
826 1682700798 9,200000 -1,000000 -101,000000 0,000000 0,000000
826 1682700799 9,200000 -1,000000 -101,000000 0,000000 0,000000
826 1682700800 9,200000 -1,000000 -101,000000 0,000000 0,000000
826 1682700801 9,200000 -1,000000 -101,000000 0,000000 0,000000
826 1682700802 9,200000 -1,000000 -101,000000 0,000000 0,000000
826 1682700803 9,200000 -1,000000 -101,000000 0,000000 0,000000
826 1682700804 9,400000 -1,000000 -101,000000 0,000000 0,000000
826 1682700805 9,400000 -1,000000 -101,000000 0,000000 0,000000
826 1682700806 9,400000 -1,000000 -101,000000 0,000000 0,000000
826 1682700807 9,400000 -1,000000 -101,000000 0,000000 0,000000
826 1682700808 9,400000 -1,000000 -101,000000 0,000000 0,000000
826 1682700809 10,400000 -1,000000 -101,000000 0,000000 0,000000
826 1682700810 10,400000 -1,000000 -101,000000 0,000000 0,000000
826 1682700811 10,400000 -1,000000 -101,000000 0,000000 0,000000
826 1682700812 10,400000 -1,000000 -101,000000 0,000000 0,000000
826 1682700813 10,400000 -1,000000 -101,000000 0,000000 0,000000
826 1682700814 7,800000 -1,000000 -101,000000 0,000000 0,000000
826 1682700815 7,800000 -1,000000 -101,000000 0,000000 0,000000
826 1682700816 7,800000 -1,000000 -101,000000 0,000000 0,000000
826 1682700817 7,800000 -1,000000 -101,000000 0,000000 0,000000
826 1682700818 7,800000 -1,000000 -101,000000 0,000000 0,000000
826 1682700819 12,200000 -1,000000 -101,000000 0,000000 0,000000
826 1682700820 12,200000 -1,000000 -101,000000 0,000000 0,000000
826 1682700821 12,200000 -1,000000 -101,000000 0,000000 0,000000
826 1682700822 12,200000 -1,000000 -101,000000 0,000000 0,000000
826 1682700823 12,200000 -1,000000 -101,000000 0,000000 0,000000
826 1682700824 8,000000 -1,000000 -101,000000 0,000000 0,000000
826 1682700825 8,000000 -1,000000 -101,000000 0,000000 0,000000
826 1682700826 8,000000 -1,000000 -101,000000 0,000000 0,000000
826 1682700827 8,000000 -1,000000 -101,000000 0,000000 0,000000
826 1682700828 8,000000 -1,000000 -101,000000 0,000000 0,000000
826 1682700829 8,800000 -1,000000 -101,000000 0,000000 0,000000
826 1682700830 8,800000 -1,000000 -101,000000 0,000000 0,000000
826 1682700831 8,800000 -1,000000 -101,000000 0,000000 0,000000
826 1682700832 8,800000 -1,000000 -101,000000 0,000000 0,000000
826 1682700833 8,800000 -1,000000 -101,000000 0,000000 0,000000
826 1682700834 9,400000 -1,000000 -101,000000 0,000000 0,000000
826 1682700835 9,400000 -1,000000 -101,000000 0,000000 0,000000
826 1682700836 9,400000 -1,000000 -101,000000 0,000000 0,000000
826 1682700837 9,400000 -1,000000 -101,000000 0,000000 0,000000
826 1682700838 9,400000 -1,000000 -101,000000 0,000000 0,000000
826 1682700839 10,600000 -1,000000 -101,000000 0,000000 0,000000
826 1682700840 10,600000 -1,000000 -101,000000 0,000000 0,000000
826 1682700841 10,600000 -1,000000 -101,000000 0,000000 0,000000
826 1682700842 10,600000 -1,000000 -101,000000 0,000000 0,000000
826 1682700843 10,600000 -1,000000 -101,000000 0,000000 0,000000
826 1682700844 8,200000 -1,000000 -101,000000 0,000000 0,000000
826 1682700845 8,200000 -1,000000 -101,000000 0,000000 0,000000
826 1682700846 8,200000 -1,000000 -101,000000 0,000000 0,000000
826 1682700847 8,200000 -1,000000 -101,000000 0,000000 0,000000
826 1682700848 8,200000 -1,000000 -101,000000 0,000000 0,000000
826 1682700849 12,800000 -1,000000 -101,000000 0,000000 0,000000
826 1682700850 12,800000 -1,000000 -101,000000 0,000000 0,000000
826 1682700851 12,800000 -1,000000 -101,000000 0,000000 0,000000
826 1682700852 12,800000 -1,000000 -101,000000 0,000000 0,000000
826 1682700853 12,800000 -1,000000 -101,000000 0,000000 0,000000
826 1682700854 8,000000 -1,000000 -101,000000 0,000000 0,000000
826 1682700855 8,000000 -1,000000 -101,000000 0,000000 0,000000
826 1682700856 8,000000 -1,000000 -101,000000 0,000000 0,000000
826 1682700857 8,000000 -1,000000 -101,000000 0,000000 0,000000
826 1682700858 8,000000 -1,000000 -101,000000 0,000000 0,000000
826 1682700859 9,000000 -1,000000 -101,000000 0,000000 0,000000
826 1682700860 9,000000 -1,000000 -101,000000 0,000000 0,000000
826 1682700861 9,000000 -1,000000 -101,000000 0,000000 0,000000
826 1682700862 9,000000 -1,000000 -101,000000 0,000000 0,000000
826 1682700863 9,000000 -1,000000 -101,000000 0,000000 0,000000
826 1682700864 8,800000 -1,000000 -101,000000 0,000000 0,000000
826 1682700865 8,800000 -1,000000 -101,000000 0,000000 0,000000
826 1682700866 8,800000 -1,000000 -101,000000 0,000000 0,000000
826 1682700928 8,200000 -1,000000 8,200000 8,200000 0,000000
826 1682700927 8,200000 -1,000000 8,200000 8,200000 0,000000
826 1682700926 8,200000 -1,000000 8,200000 8,200000 0,000000
826 1682700925 8,200000 -1,000000 8,200000 8,200000 0,000000
826 1682700924 8,200000 -1,000000 8,200000 8,200000 0,000000
826 1682700923 9,600000 -1,000000 9,600000 9,600000 0,000000
826 1682700922 9,600000 -1,000000 9,600000 9,600000 0,000000
826 1682700921 9,600000 -1,000000 9,600000 9,600000 0,000000
826 1682700920 9,600000 -1,000000 9,600000 9,600000 0,000000
826 1682700919 9,600000 -1,000000 9,600000 9,600000 0,000000
826 1682700918 11,800000 -1,000000 11,800000 11,800000 0,000000
826 1682700917 11,800000 -1,000000 11,800000 11,800000 0,000000
826 1682700916 11,800000 -1,000000 11,800000 11,800000 0,000000
826 1682700915 11,800000 -1,000000 11,800000 11,800000 0,000000
826 1682700914 11,800000 -1,000000 11,800000 11,800000 0,000000
826 1682700913 8,400000 -1,000000 8,400000 8,400000 0,000000
826 1682700912 8,400000 -1,000000 8,400000 8,400000 0,000000
826 1682700911 8,400000 -1,000000 8,400000 8,400000 0,000000
826 1682700910 8,400000 -1,000000 8,400000 8,400000 0,000000
826 1682700909 8,400000 -1,000000 8,400000 8,400000 0,000000
826 1682700908 6,600000 -1,000000 6,600000 6,600000 0,000000
826 1682700907 6,600000 -1,000000 6,600000 6,600000 0,000000
826 1682700906 6,600000 -1,000000 6,600000 6,600000 0,000000
826 1682700905 6,600000 -1,000000 6,600000 6,600000 0,000000
826 1682700904 6,600000 -1,000000 6,600000 6,600000 0,000000
826 1682700903 11,800000 -1,000000 11,800000 11,800000 0,000000
826 1682700902 11,800000 -1,000000 11,800000 11,800000 0,000000
826 1682700901 11,800000 -1,000000 11,800000 11,800000 0,000000
826 1682700900 11,800000 -1,000000 11,800000 11,800000 0,000000
826 1682700899 11,800000 -1,000000 11,800000 11,800000 0,000000
826 1682700898 11,000000 -1,000000 11,000000 11,000000 0,000000
826 1682700897 11,000000 -1,000000 11,000000 11,000000 0,000000
826 1682700896 11,000000 -1,000000 11,000000 11,000000 0,000000
826 1682700895 11,000000 -1,000000 11,000000 11,000000 0,000000
826 1682700894 11,000000 -1,000000 11,000000 11,000000 0,000000
826 1682700893 8,000000 -1,000000 8,000000 8,000000 0,000000
826 1682700892 8,000000 -1,000000 8,000000 8,000000 0,000000
826 1682700891 8,000000 -1,000000 8,000000 8,000000 0,000000
826 1682700890 8,000000 -1,000000 8,000000 8,000000 0,000000
826 1682700889 8,000000 -1,000000 8,000000 8,000000 0,000000
826 1682700888 8,600000 -1,000000 8,600000 8,600000 0,000000
826 1682700887 8,600000 -1,000000 8,600000 8,600000 0,000000
826 1682700886 8,600000 -1,000000 8,600000 8,600000 0,000000
826 1682700885 8,600000 -1,000000 8,600000 8,600000 0,000000
826 1682700884 8,600000 -1,000000 8,600000 8,600000 0,000000
826 1682700883 9,000000 -1,000000 9,000000 9,000000 0,000000
826 1682700882 9,000000 -1,000000 9,000000 9,000000 0,000000
826 1682700881 9,000000 -1,000000 9,000000 9,000000 0,000000
826 1682700880 9,000000 -1,000000 9,000000 9,000000 0,000000
826 1682700879 9,000000 -1,000000 9,000000 9,000000 0,000000
826 1682700878 9,800000 -1,000000 9,800000 9,800000 0,000000
826 1682700877 9,800000 -1,000000 9,800000 9,800000 0,000000
826 1682700876 9,800000 -1,000000 9,800000 9,800000 0,000000
826 1682700875 9,800000 -1,000000 9,800000 9,800000 0,000000
826 1682700874 9,800000 -1,000000 9,800000 9,800000 0,000000
826 1682700873 10,800000 -1,000000 10,800000 10,800000 0,000000
826 1682700872 10,800000 -1,000000 10,800000 10,800000 0,000000
826 1682700871 10,800000 -1,000000 10,800000 10,800000 0,000000
826 1682700870 10,800000 -1,000000 10,800000 10,800000 0,000000
826 1682700869 10,800000 -1,000000 10,800000 10,800000 0,000000
826 1682700868 8,800000 -1,000000 8,800000 8,800000 0,000000
826 1682700867 8,800000 -1,000000 8,800000 8,800000 0,000000
826 1682700867 8,800000 -1,000000 -101,000000 0,000000 0,000000
826 1682700868 8,800000 -1,000000 -101,000000 0,000000 0,000000
826 1682700869 10,800000 -1,000000 -101,000000 0,000000 0,000000
826 1682700870 10,800000 -1,000000 -101,000000 0,000000 0,000000
826 1682700871 10,800000 -1,000000 -101,000000 0,000000 0,000000
826 1682700872 10,800000 -1,000000 -101,000000 0,000000 0,000000
826 1682700873 10,800000 -1,000000 -101,000000 0,000000 0,000000
826 1682700874 9,800000 -1,000000 -101,000000 0,000000 0,000000
826 1682700875 9,800000 -1,000000 -101,000000 0,000000 0,000000
826 1682700876 9,800000 -1,000000 -101,000000 0,000000 0,000000
826 1682700877 9,800000 -1,000000 -101,000000 0,000000 0,000000
826 1682700878 9,800000 -1,000000 -101,000000 0,000000 0,000000
826 1682700879 9,000000 -1,000000 -101,000000 0,000000 0,000000
826 1682700880 9,000000 -1,000000 -101,000000 0,000000 0,000000
826 1682700881 9,000000 -1,000000 -101,000000 0,000000 0,000000
826 1682700882 9,000000 -1,000000 -101,000000 0,000000 0,000000
826 1682700883 9,000000 -1,000000 -101,000000 0,000000 0,000000
826 1682700884 8,600000 -1,000000 -101,000000 0,000000 0,000000
826 1682700885 8,600000 -1,000000 -101,000000 0,000000 0,000000
826 1682700886 8,600000 -1,000000 -101,000000 0,000000 0,000000
826 1682700887 8,600000 -1,000000 -101,000000 0,000000 0,000000
826 1682700888 8,600000 -1,000000 -101,000000 0,000000 0,000000
826 1682700889 8,000000 -1,000000 -101,000000 0,000000 0,000000
826 1682700890 8,000000 -1,000000 -101,000000 0,000000 0,000000
826 1682700891 8,000000 -1,000000 -101,000000 0,000000 0,000000
826 1682700892 8,000000 -1,000000 -101,000000 0,000000 0,000000
826 1682700893 8,000000 -1,000000 -101,000000 0,000000 0,000000
826 1682700894 11,000000 -1,000000 -101,000000 0,000000 0,000000
826 1682700895 11,000000 -1,000000 -101,000000 0,000000 0,000000
826 1682700896 11,000000 -1,000000 -101,000000 0,000000 0,000000
826 1682700897 11,000000 -1,000000 -101,000000 0,000000 0,000000
826 1682700898 11,000000 -1,000000 -101,000000 0,000000 0,000000
826 1682700899 11,800000 -1,000000 -101,000000 0,000000 0,000000
826 1682700900 11,800000 -1,000000 -101,000000 0,000000 0,000000
826 1682700901 11,800000 -1,000000 -101,000000 0,000000 0,000000
826 1682700902 11,800000 -1,000000 -101,000000 0,000000 0,000000
826 1682700903 11,800000 -1,000000 -101,000000 0,000000 0,000000
826 1682700904 6,600000 -1,000000 -101,000000 0,000000 0,000000
826 1682700905 6,600000 -1,000000 -101,000000 0,000000 0,000000
826 1682700906 6,600000 -1,000000 -101,000000 0,000000 0,000000
826 1682700907 6,600000 -1,000000 -101,000000 0,000000 0,000000
826 1682700908 6,600000 -1,000000 -101,000000 0,000000 0,000000
826 1682700909 8,400000 -1,000000 -101,000000 0,000000 0,000000
826 1682700910 8,400000 -1,000000 -101,000000 0,000000 0,000000
826 1682700911 8,400000 -1,000000 -101,000000 0,000000 0,000000
826 1682700912 8,400000 -1,000000 -101,000000 0,000000 0,000000
826 1682700913 8,400000 -1,000000 -101,000000 0,000000 0,000000
826 1682700914 11,800000 -1,000000 -101,000000 0,000000 0,000000
826 1682700915 11,800000 -1,000000 -101,000000 0,000000 0,000000
826 1682700916 11,800000 -1,000000 -101,000000 0,000000 0,000000
826 1682700917 11,800000 -1,000000 -101,000000 0,000000 0,000000
826 1682700918 11,800000 -1,000000 -101,000000 0,000000 0,000000
826 1682700919 9,600000 -1,000000 -101,000000 0,000000 0,000000
826 1682700920 9,600000 -1,000000 -101,000000 0,000000 0,000000
826 1682700921 9,600000 -1,000000 -101,000000 0,000000 0,000000
826 1682700922 9,600000 -1,000000 -101,000000 0,000000 0,000000
826 1682700923 9,600000 -1,000000 -101,000000 0,000000 0,000000
826 1682700924 8,200000 -1,000000 -101,000000 0,000000 0,000000
826 1682700925 8,200000 -1,000000 -101,000000 0,000000 0,000000
826 1682700926 8,200000 -1,000000 -101,000000 0,000000 0,000000
826 1682700927 8,200000 -1,000000 -101,000000 0,000000 0,000000
826 1682700928 8,200000 -1,000000 -101,000000 0,000000 0,000000
826 1682700929 10,400000 -1,000000 -101,000000 0,000000 0,000000
826 1682700930 10,400000 -1,000000 -101,000000 0,000000 0,000000
826 1682700931 10,400000 -1,000000 -101,000000 0,000000 0,000000
826 1682700932 10,400000 -1,000000 -101,000000 0,000000 0,000000
826 1682700933 10,400000 -1,000000 -101,000000 0,000000 0,000000
826 1682700934 8,600000 -1,000000 -101,000000 0,000000 0,000000
826 1682700935 8,600000 -1,000000 -101,000000 0,000000 0,000000
826 1682700936 8,600000 -1,000000 -101,000000 0,000000 0,000000
826 1682700937 8,600000 -1,000000 -101,000000 0,000000 0,000000
826 1682700938 8,600000 -1,000000 -101,000000 0,000000 0,000000
826 1682700939 9,000000 -1,000000 -101,000000 0,000000 0,000000
826 1682700940 9,000000 -1,000000 -101,000000 0,000000 0,000000
826 1682700941 9,000000 -1,000000 -101,000000 0,000000 0,000000
826 1682700942 9,000000 -1,000000 -101,000000 0,000000 0,000000
826 1682700943 9,000000 -1,000000 -101,000000 0,000000 0,000000
826 1682700944 11,400000 -1,000000 -101,000000 0,000000 0,000000
826 1682700945 11,400000 -1,000000 -101,000000 0,000000 0,000000
826 1682700946 11,400000 -1,000000 -101,000000 0,000000 0,000000
826 1682700947 11,400000 -1,000000 -101,000000 0,000000 0,000000
826 1682700948 11,400000 -1,000000 -101,000000 0,000000 0,000000
826 1682700949 7,800000 -1,000000 -101,000000 0,000000 0,000000
826 1682700950 7,800000 -1,000000 -101,000000 0,000000 0,000000
826 1682700951 7,800000 -1,000000 -101,000000 0,000000 0,000000
826 1682700952 7,800000 -1,000000 -101,000000 0,000000 0,000000
826 1682700953 7,800000 -1,000000 -101,000000 0,000000 0,000000
826 1682700954 9,800000 -1,000000 -101,000000 0,000000 0,000000
826 1682700955 9,800000 -1,000000 -101,000000 0,000000 0,000000
826 1682700956 9,800000 -1,000000 -101,000000 0,000000 0,000000
826 1682700957 9,800000 -1,000000 -101,000000 0,000000 0,000000
826 1682700958 9,800000 -1,000000 -101,000000 0,000000 0,000000
826 1682700959 10,800000 -1,000000 -101,000000 0,000000 0,000000
826 1682700960 10,800000 -1,000000 -101,000000 0,000000 0,000000
826 1682700961 10,800000 -1,000000 -101,000000 0,000000 0,000000
826 1682700962 10,800000 -1,000000 -101,000000 0,000000 0,000000
826 1682700963 10,800000 -1,000000 -101,000000 0,000000 0,000000
826 1682700964 8,400000 -1,000000 -101,000000 0,000000 0,000000
826 1682700965 8,400000 -1,000000 -101,000000 0,000000 0,000000
826 1682700966 8,400000 -1,000000 -101,000000 0,000000 0,000000
826 1682700967 8,400000 -1,000000 -101,000000 0,000000 0,000000
826 1682700968 8,400000 -1,000000 -101,000000 0,000000 0,000000
826 1682700969 7,000000 -1,000000 -101,000000 0,000000 0,000000
826 1682700970 7,000000 -1,000000 -101,000000 0,000000 0,000000
826 1682700971 7,000000 -1,000000 -101,000000 0,000000 0,000000
826 1682700972 7,000000 -1,000000 -101,000000 0,000000 0,000000
826 1682700973 7,000000 -1,000000 -101,000000 0,000000 0,000000
826 1682700974 14,200000 -1,000000 -101,000000 0,000000 0,000000
826 1682700975 14,200000 -1,000000 -101,000000 0,000000 0,000000
826 1682700976 14,200000 -1,000000 -101,000000 0,000000 0,000000
826 1682700977 14,200000 -1,000000 -101,000000 0,000000 0,000000
826 1682700978 14,200000 -1,000000 -101,000000 0,000000 0,000000
826 1682700979 7,200000 -1,000000 -101,000000 0,000000 0,000000
826 1682700980 7,200000 -1,000000 -101,000000 0,000000 0,000000
826 1682700981 7,200000 -1,000000 -101,000000 0,000000 0,000000
826 1682700982 7,200000 -1,000000 -101,000000 0,000000 0,000000
826 1682700983 7,200000 -1,000000 -101,000000 0,000000 0,000000
826 1682700984 9,200000 -1,000000 -101,000000 0,000000 0,000000
826 1682700985 9,200000 -1,000000 -101,000000 0,000000 0,000000
826 1682700986 9,200000 -1,000000 -101,000000 0,000000 0,000000
826 1682700987 9,200000 -1,000000 -101,000000 0,000000 0,000000
826 1682700988 9,200000 -1,000000 -101,000000 0,000000 0,000000
826 1682700989 9,800000 -1,000000 -101,000000 0,000000 0,000000
826 1682700990 9,800000 -1,000000 -101,000000 0,000000 0,000000
826 1682700991 9,800000 -1,000000 -101,000000 0,000000 0,000000
826 1682700992 9,800000 -1,000000 -101,000000 0,000000 0,000000
826 1682700993 9,800000 -1,000000 -101,000000 0,000000 0,000000
826 1682700994 10,200000 -1,000000 -101,000000 0,000000 0,000000
826 1682700995 10,200000 -1,000000 -101,000000 0,000000 0,000000
826 1682700996 10,200000 -1,000000 -101,000000 0,000000 0,000000
826 1682700997 10,200000 -1,000000 -101,000000 0,000000 0,000000
826 1682700998 10,200000 -1,000000 -101,000000 0,000000 0,000000
826 1682700999 9,600000 -1,000000 -101,000000 0,000000 0,000000
826 1682701000 9,600000 -1,000000 -101,000000 0,000000 0,000000
826 1682701001 9,600000 -1,000000 -101,000000 0,000000 0,000000
826 1682701002 9,600000 -1,000000 -101,000000 0,000000 0,000000
826 1682701003 9,600000 -1,000000 -101,000000 0,000000 0,000000
826 1682701004 12,200000 -1,000000 -101,000000 0,000000 0,000000
826 1682701005 12,200000 -1,000000 -101,000000 0,000000 0,000000
826 1682701006 12,200000 -1,000000 -101,000000 0,000000 0,000000
826 1682701007 12,200000 -1,000000 -101,000000 0,000000 0,000000
826 1682701008 12,200000 -1,000000 -101,000000 0,000000 0,000000
826 1682701009 5,600000 -1,000000 -101,000000 0,000000 0,000000
826 1682701010 5,600000 -1,000000 -101,000000 0,000000 0,000000
826 1682701011 5,600000 -1,000000 -101,000000 0,000000 0,000000
826 1682701012 5,600000 -1,000000 -101,000000 0,000000 0,000000
826 1682701013 5,600000 -1,000000 -101,000000 0,000000 0,000000
826 1682701014 10,600000 -1,000000 -101,000000 0,000000 0,000000
826 1682701015 10,600000 -1,000000 -101,000000 0,000000 0,000000
826 1682701016 10,600000 -1,000000 -101,000000 0,000000 0,000000
826 1682701017 10,600000 -1,000000 -101,000000 0,000000 0,000000
826 1682701018 10,600000 -1,000000 -101,000000 0,000000 0,000000
826 1682701019 11,600000 -1,000000 -101,000000 0,000000 0,000000
826 1682701020 11,600000 -1,000000 -101,000000 0,000000 0,000000
826 1682701021 11,600000 -1,000000 -101,000000 0,000000 0,000000
826 1682701022 11,600000 -1,000000 -101,000000 0,000000 0,000000
826 1682701023 11,600000 -1,000000 -101,000000 0,000000 0,000000
826 1682701024 9,800000 -1,000000 -101,000000 0,000000 0,000000
826 1682701025 9,800000 -1,000000 -101,000000 0,000000 0,000000
826 1682701026 9,800000 -1,000000 -101,000000 0,000000 0,000000
826 1682701027 9,800000 -1,000000 -101,000000 0,000000 0,000000
826 1682701028 9,800000 -1,000000 -101,000000 0,000000 0,000000
826 1682701029 7,400000 -1,000000 -101,000000 0,000000 0,000000
826 1682701030 7,400000 -1,000000 -101,000000 0,000000 0,000000
826 1682701031 7,400000 -1,000000 -101,000000 0,000000 0,000000
826 1682701032 7,400000 -1,000000 -101,000000 0,000000 0,000000
826 1682701033 7,400000 -1,000000 -101,000000 0,000000 0,000000
826 1682701034 10,800000 -1,000000 -101,000000 0,000000 0,000000
826 1682701035 10,800000 -1,000000 -101,000000 0,000000 0,000000
826 1682701036 10,800000 -1,000000 -101,000000 0,000000 0,000000
826 1682701037 10,800000 -1,000000 -101,000000 0,000000 0,000000
826 1682701038 10,800000 -1,000000 -101,000000 0,000000 0,000000
826 1682701039 8,000000 -1,000000 -101,000000 0,000000 0,000000
826 1682701040 8,000000 -1,000000 -101,000000 0,000000 0,000000
826 1682701041 8,000000 -1,000000 -101,000000 0,000000 0,000000
826 1682701042 8,000000 -1,000000 -101,000000 0,000000 0,000000
826 1682701043 8,000000 -1,000000 -101,000000 0,000000 0,000000
826 1682701044 10,000000 -1,000000 -101,000000 0,000000 0,000000
826 1682701045 10,000000 -1,000000 -101,000000 0,000000 0,000000
826 1682701046 10,000000 -1,000000 -101,000000 0,000000 0,000000
826 1682701047 10,000000 -1,000000 -101,000000 0,000000 0,000000
826 1682701048 10,000000 -1,000000 -101,000000 0,000000 0,000000
826 1682701049 11,200000 -1,000000 -101,000000 0,000000 0,000000
826 1682701050 11,200000 -1,000000 -101,000000 0,000000 0,000000
826 1682701051 11,200000 -1,000000 -101,000000 0,000000 0,000000
826 1682701052 11,200000 -1,000000 -101,000000 0,000000 0,000000
826 1682701053 11,200000 -1,000000 -101,000000 0,000000 0,000000
826 1682701054 10,400000 -1,000000 -101,000000 0,000000 0,000000
826 1682701055 10,400000 -1,000000 -101,000000 0,000000 0,000000
826 1682701056 10,400000 -1,000000 -101,000000 0,000000 0,000000
826 1682701057 10,400000 -1,000000 -101,000000 0,000000 0,000000
826 1682701058 10,400000 -1,000000 -101,000000 0,000000 0,000000
826 1682701059 7,800000 -1,000000 -101,000000 0,000000 0,000000
826 1682701060 7,800000 -1,000000 -101,000000 0,000000 0,000000
826 1682701061 7,800000 -1,000000 -101,000000 0,000000 0,000000
826 1682701062 7,800000 -1,000000 -101,000000 0,000000 0,000000
826 1682701063 7,800000 -1,000000 -101,000000 0,000000 0,000000
826 1682701064 10,000000 -1,000000 -101,000000 0,000000 0,000000
826 1682701065 10,000000 -1,000000 -101,000000 0,000000 0,000000
826 1682701066 10,000000 -1,000000 -101,000000 0,000000 0,000000
826 1682701067 10,000000 -1,000000 -101,000000 0,000000 0,000000
826 1682701068 10,000000 -1,000000 -101,000000 0,000000 0,000000
826 1682701069 7,200000 -1,000000 -101,000000 0,000000 0,000000
826 1682701070 7,200000 -1,000000 -101,000000 0,000000 0,000000
826 1682701071 7,200000 -1,000000 -101,000000 0,000000 0,000000
826 1682701072 7,200000 -1,000000 -101,000000 0,000000 0,000000
826 1682701073 7,200000 -1,000000 -101,000000 0,000000 0,000000
826 1682701074 11,400000 -1,000000 -101,000000 0,000000 0,000000
826 1682701075 11,400000 -1,000000 -101,000000 0,000000 0,000000
826 1682701076 11,400000 -1,000000 -101,000000 0,000000 0,000000
826 1682701077 11,400000 -1,000000 -101,000000 0,000000 0,000000
826 1682701078 11,400000 -1,000000 -101,000000 0,000000 0,000000
826 1682701079 12,000000 -1,000000 -101,000000 0,000000 0,000000
826 1682701080 12,000000 -1,000000 -101,000000 0,000000 0,000000
826 1682701081 12,000000 -1,000000 -101,000000 0,000000 0,000000
826 1682701082 12,000000 -1,000000 -101,000000 0,000000 0,000000
826 1682701083 12,000000 -1,000000 -101,000000 0,000000 0,000000
826 1682701084 7,800000 -1,000000 -101,000000 0,000000 0,000000
826 1682701085 7,800000 -1,000000 -101,000000 0,000000 0,000000
826 1682701086 7,800000 -1,000000 -101,000000 0,000000 0,000000
826 1682701087 7,800000 -1,000000 -101,000000 0,000000 0,000000
826 1682701088 7,800000 -1,000000 -101,000000 0,000000 0,000000
826 1682701089 6,600000 -1,000000 -101,000000 0,000000 0,000000
826 1682701090 6,600000 -1,000000 -101,000000 0,000000 0,000000
826 1682701091 6,600000 -1,000000 -101,000000 0,000000 0,000000
826 1682701092 6,600000 -1,000000 -101,000000 0,000000 0,000000
826 1682701093 6,600000 -1,000000 -101,000000 0,000000 0,000000
826 1682701094 12,000000 -1,000000 -101,000000 0,000000 0,000000
826 1682701095 12,000000 -1,000000 -101,000000 0,000000 0,000000
826 1682701096 12,000000 -1,000000 -101,000000 0,000000 0,000000
826 1682701097 12,000000 -1,000000 -101,000000 0,000000 0,000000
826 1682701098 12,000000 -1,000000 -101,000000 0,000000 0,000000
826 1682701099 10,400000 -1,000000 -101,000000 0,000000 0,000000
826 1682701100 10,400000 -1,000000 -101,000000 0,000000 0,000000
826 1682701101 10,400000 -1,000000 -101,000000 0,000000 0,000000
826 1682701102 10,400000 -1,000000 -101,000000 0,000000 0,000000
826 1682701103 10,400000 -1,000000 -101,000000 0,000000 0,000000
826 1682701104 10,200000 -1,000000 -101,000000 0,000000 0,000000
826 1682701105 10,200000 -1,000000 -101,000000 0,000000 0,000000
826 1682701106 10,200000 -1,000000 -101,000000 0,000000 0,000000
826 1682701107 10,200000 -1,000000 -101,000000 0,000000 0,000000
826 1682701108 10,200000 -1,000000 -101,000000 0,000000 0,000000
826 1682701109 7,600000 -1,000000 -101,000000 0,000000 0,000000
826 1682701110 7,600000 -1,000000 -101,000000 0,000000 0,000000
826 1682701111 7,600000 -1,000000 -101,000000 0,000000 0,000000
826 1682701112 7,600000 -1,000000 -101,000000 0,000000 0,000000
826 1682701113 7,600000 -1,000000 -101,000000 0,000000 0,000000
826 1682701114 9,200000 -1,000000 -101,000000 0,000000 0,000000
826 1682701115 9,200000 -1,000000 -101,000000 0,000000 0,000000
826 1682701116 9,200000 -1,000000 -101,000000 0,000000 0,000000
826 1682701117 9,200000 -1,000000 -101,000000 0,000000 0,000000
826 1682701118 9,200000 -1,000000 -101,000000 0,000000 0,000000
826 1682701119 9,000000 -1,000000 -101,000000 0,000000 0,000000
826 1682701120 9,000000 -1,000000 -101,000000 0,000000 0,000000
826 1682701121 9,000000 -1,000000 -101,000000 0,000000 0,000000
826 1682701122 9,000000 -1,000000 -101,000000 0,000000 0,000000
826 1682701123 9,000000 -1,000000 -101,000000 0,000000 0,000000
826 1682701124 11,400000 -1,000000 -101,000000 0,000000 0,000000
826 1682701125 11,400000 -1,000000 -101,000000 0,000000 0,000000
826 1682701126 11,400000 -1,000000 -101,000000 0,000000 0,000000
826 1682701127 11,400000 -1,000000 -101,000000 0,000000 0,000000
826 1682701128 11,400000 -1,000000 -101,000000 0,000000 0,000000
826 1682701129 10,000000 -1,000000 -101,000000 0,000000 0,000000
826 1682701130 10,000000 -1,000000 -101,000000 0,000000 0,000000
826 1682701131 10,000000 -1,000000 -101,000000 0,000000 0,000000
826 1682701132 10,000000 -1,000000 -101,000000 0,000000 0,000000
826 1682701133 10,000000 -1,000000 -101,000000 0,000000 0,000000
826 1682701134 8,000000 -1,000000 -101,000000 0,000000 0,000000
826 1682701135 8,000000 -1,000000 -101,000000 0,000000 0,000000
826 1682701136 8,000000 -1,000000 -101,000000 0,000000 0,000000
826 1682701137 8,000000 -1,000000 -101,000000 0,000000 0,000000
826 1682701138 8,000000 -1,000000 -101,000000 0,000000 0,000000
826 1682701139 9,200000 -1,000000 -101,000000 0,000000 0,000000
826 1682701140 9,200000 -1,000000 -101,000000 0,000000 0,000000
826 1682701141 9,200000 -1,000000 -101,000000 0,000000 0,000000
826 1682701142 9,200000 -1,000000 -101,000000 0,000000 0,000000
826 1682701143 9,200000 -1,000000 -101,000000 0,000000 0,000000
826 1682701144 10,600000 -1,000000 -101,000000 0,000000 0,000000
826 1682701145 10,600000 -1,000000 -101,000000 0,000000 0,000000
826 1682701146 10,600000 -1,000000 -101,000000 0,000000 0,000000
826 1682701147 10,600000 -1,000000 -101,000000 0,000000 0,000000
826 1682701148 10,600000 -1,000000 -101,000000 0,000000 0,000000
826 1682701149 7,400000 -1,000000 -101,000000 0,000000 0,000000
826 1682701150 7,400000 -1,000000 -101,000000 0,000000 0,000000
826 1682701151 7,400000 -1,000000 -101,000000 0,000000 0,000000
826 1682701152 7,400000 -1,000000 -101,000000 0,000000 0,000000
826 1682701153 7,400000 -1,000000 -101,000000 0,000000 0,000000
826 1682701154 9,400000 -1,000000 -101,000000 0,000000 0,000000
826 1682701155 9,400000 -1,000000 -101,000000 0,000000 0,000000
826 1682701156 9,400000 -1,000000 -101,000000 0,000000 0,000000
826 1682701157 9,400000 -1,000000 -101,000000 0,000000 0,000000
826 1682701158 9,400000 -1,000000 -101,000000 0,000000 0,000000
826 1682701159 9,200000 -1,000000 -101,000000 0,000000 0,000000
826 1682701160 9,200000 -1,000000 -101,000000 0,000000 0,000000
826 1682701161 9,200000 -1,000000 -101,000000 0,000000 0,000000
826 1682701162 9,200000 -1,000000 -101,000000 0,000000 0,000000
826 1682701163 9,200000 -1,000000 -101,000000 0,000000 0,000000
826 1682701164 6,600000 -1,000000 -101,000000 0,000000 0,000000
826 1682701165 6,600000 -1,000000 -101,000000 0,000000 0,000000
826 1682701166 6,600000 -1,000000 -101,000000 0,000000 0,000000
826 1682701167 6,600000 -1,000000 -101,000000 0,000000 0,000000
826 1682701168 6,600000 -1,000000 -101,000000 0,000000 0,000000
826 1682701169 9,800000 -1,000000 -101,000000 0,000000 0,000000
826 1682701170 9,800000 -1,000000 -101,000000 0,000000 0,000000
826 1682701171 9,800000 -1,000000 -101,000000 0,000000 0,000000
826 1682701172 9,800000 -1,000000 -101,000000 0,000000 0,000000
826 1682701173 9,800000 -1,000000 -101,000000 0,000000 0,000000
826 1682701174 10,600000 -1,000000 -101,000000 0,000000 0,000000
826 1682701175 10,600000 -1,000000 -101,000000 0,000000 0,000000
826 1682701176 10,600000 -1,000000 -101,000000 0,000000 0,000000
826 1682701177 10,600000 -1,000000 -101,000000 0,000000 0,000000
826 1682701178 10,600000 -1,000000 -101,000000 0,000000 0,000000
826 1682701179 10,600000 -1,000000 -101,000000 0,000000 0,000000
826 1682701180 10,600000 -1,000000 -101,000000 0,000000 0,000000
826 1682701181 10,600000 -1,000000 -101,000000 0,000000 0,000000
826 1682701182 10,600000 -1,000000 -101,000000 0,000000 0,000000
826 1682701183 10,600000 -1,000000 -101,000000 0,000000 0,000000
826 1682701184 8,400000 -1,000000 -101,000000 0,000000 0,000000
826 1682701185 8,400000 -1,000000 -101,000000 0,000000 0,000000
826 1682701186 8,400000 -1,000000 -101,000000 0,000000 0,000000
826 1682701187 8,400000 -1,000000 -101,000000 0,000000 0,000000
826 1682701188 8,400000 -1,000000 -101,000000 0,000000 0,000000
826 1682701189 11,600000 -1,000000 -101,000000 0,000000 0,000000
826 1682701190 11,600000 -1,000000 -101,000000 0,000000 0,000000
826 1682701191 11,600000 -1,000000 -101,000000 0,000000 0,000000
826 1682701192 11,600000 -1,000000 -101,000000 0,000000 0,000000
826 1682701193 11,600000 -1,000000 -101,000000 0,000000 0,000000
826 1682701194 6,200000 -1,000000 -101,000000 0,000000 0,000000
826 1682701195 6,200000 -1,000000 -101,000000 0,000000 0,000000
826 1682701196 6,200000 -1,000000 -101,000000 0,000000 0,000000
826 1682701197 6,200000 -1,000000 -101,000000 0,000000 0,000000
826 1682701198 6,200000 -1,000000 -101,000000 0,000000 0,000000
826 1682701199 11,400000 -1,000000 -101,000000 0,000000 0,000000
826 1682701200 11,400000 -1,000000 -101,000000 0,000000 0,000000
826 1682701201 11,400000 -1,000000 -101,000000 0,000000 0,000000
826 1682701202 11,400000 -1,000000 -101,000000 0,000000 0,000000
826 1682701203 11,400000 -1,000000 -101,000000 0,000000 0,000000
826 1682701204 12,000000 -1,000000 -101,000000 0,000000 0,000000
826 1682701205 12,000000 -1,000000 -101,000000 0,000000 0,000000
826 1682701206 12,000000 -1,000000 -101,000000 0,000000 0,000000
826 1682701207 12,000000 -1,000000 -101,000000 0,000000 0,000000
826 1682701208 12,000000 -1,000000 -101,000000 0,000000 0,000000
826 1682701209 8,600000 -1,000000 -101,000000 0,000000 0,000000
826 1682701210 8,600000 -1,000000 -101,000000 0,000000 0,000000
826 1682701211 8,600000 -1,000000 -101,000000 0,000000 0,000000
826 1682701212 8,600000 -1,000000 -101,000000 0,000000 0,000000
826 1682701213 8,600000 -1,000000 -101,000000 0,000000 0,000000
826 1682701214 6,800000 -1,000000 -101,000000 0,000000 0,000000
826 1682701215 6,800000 -1,000000 -101,000000 0,000000 0,000000
826 1682701216 6,800000 -1,000000 -101,000000 0,000000 0,000000
826 1682701217 6,800000 -1,000000 -101,000000 0,000000 0,000000
826 1682701218 6,800000 -1,000000 -101,000000 0,000000 0,000000
826 1682701219 13,000000 -1,000000 -101,000000 0,000000 0,000000
826 1682701220 13,000000 -1,000000 -101,000000 0,000000 0,000000
826 1682701221 13,000000 -1,000000 -101,000000 0,000000 0,000000
826 1682701222 13,000000 -1,000000 -101,000000 0,000000 0,000000
826 1682701223 13,000000 -1,000000 -101,000000 0,000000 0,000000
826 1682701224 8,000000 -1,000000 -101,000000 0,000000 0,000000
826 1682701225 8,000000 -1,000000 -101,000000 0,000000 0,000000
826 1682701226 8,000000 -1,000000 -101,000000 0,000000 0,000000
826 1682701227 8,000000 -1,000000 -101,000000 0,000000 0,000000
826 1682701228 8,000000 -1,000000 -101,000000 0,000000 0,000000
826 1682701229 11,000000 -1,000000 -101,000000 0,000000 0,000000
826 1682701230 11,000000 -1,000000 -101,000000 0,000000 0,000000
826 1682701231 11,000000 -1,000000 -101,000000 0,000000 0,000000
826 1682701232 11,000000 -1,000000 -101,000000 0,000000 0,000000
826 1682701233 11,000000 -1,000000 -101,000000 0,000000 0,000000
826 1682701234 9,800000 -1,000000 -101,000000 0,000000 0,000000
826 1682701235 9,800000 -1,000000 -101,000000 0,000000 0,000000
826 1682701236 9,800000 -1,000000 -101,000000 0,000000 0,000000
826 1682701237 9,800000 -1,000000 -101,000000 0,000000 0,000000
826 1682701238 9,800000 -1,000000 -101,000000 0,000000 0,000000
826 1682701239 8,800000 -1,000000 -101,000000 0,000000 0,000000
826 1682701240 8,800000 -1,000000 -101,000000 0,000000 0,000000
826 1682701241 8,800000 -1,000000 -101,000000 0,000000 0,000000
826 1682701242 8,800000 -1,000000 -101,000000 0,000000 0,000000
826 1682701243 8,800000 -1,000000 -101,000000 0,000000 0,000000
826 1682701244 8,400000 -1,000000 -101,000000 0,000000 0,000000
826 1682701245 8,400000 -1,000000 -101,000000 0,000000 0,000000
826 1682701246 8,400000 -1,000000 -101,000000 0,000000 0,000000
826 1682701247 8,400000 -1,000000 -101,000000 0,000000 0,000000
826 1682701248 8,400000 -1,000000 -101,000000 0,000000 0,000000
826 1682701249 13,000000 -1,000000 -101,000000 0,000000 0,000000
826 1682701250 13,000000 -1,000000 -101,000000 0,000000 0,000000
826 1682701251 13,000000 -1,000000 -101,000000 0,000000 0,000000
826 1682701252 13,000000 -1,000000 -101,000000 0,000000 0,000000
826 1682701253 13,000000 -1,000000 -101,000000 0,000000 0,000000
826 1682701254 7,400000 -1,000000 -101,000000 0,000000 0,000000
826 1682701255 7,400000 -1,000000 -101,000000 0,000000 0,000000
826 1682701256 7,400000 -1,000000 -101,000000 0,000000 0,000000
826 1682701257 7,400000 -1,000000 -101,000000 0,000000 0,000000
826 1682701258 7,400000 -1,000000 -101,000000 0,000000 0,000000
826 1682701259 10,600000 -1,000000 -101,000000 0,000000 0,000000
826 1682701260 10,600000 -1,000000 -101,000000 0,000000 0,000000
826 1682701261 10,600000 -1,000000 -101,000000 0,000000 0,000000
826 1682701262 10,600000 -1,000000 -101,000000 0,000000 0,000000
826 1682701263 10,600000 -1,000000 -101,000000 0,000000 0,000000
826 1682701264 10,200000 -1,000000 -101,000000 0,000000 0,000000
826 1682701265 10,200000 -1,000000 -101,000000 0,000000 0,000000
826 1682701266 10,200000 -1,000000 -101,000000 0,000000 0,000000
826 1682701267 10,200000 -1,000000 -101,000000 0,000000 0,000000
826 1682701268 10,200000 -1,000000 -101,000000 0,000000 0,000000
826 1682701269 8,600000 -1,000000 -101,000000 0,000000 0,000000
826 1682701270 8,600000 -1,000000 -101,000000 0,000000 0,000000
826 1682701271 8,600000 -1,000000 -101,000000 0,000000 0,000000
826 1682701272 8,600000 -1,000000 -101,000000 0,000000 0,000000
826 1682701273 8,600000 -1,000000 -101,000000 0,000000 0,000000
826 1682701274 8,200000 -1,000000 -101,000000 0,000000 0,000000
826 1682701275 8,200000 -1,000000 -101,000000 0,000000 0,000000
826 1682701276 8,200000 -1,000000 -101,000000 0,000000 0,000000
826 1682701277 8,200000 -1,000000 -101,000000 0,000000 0,000000
826 1682701278 8,200000 -1,000000 -101,000000 0,000000 0,000000
826 1682701279 14,200000 -1,000000 -101,000000 0,000000 0,000000
826 1682701280 14,200000 -1,000000 -101,000000 0,000000 0,000000
826 1682701281 14,200000 -1,000000 -101,000000 0,000000 0,000000
826 1682701282 14,200000 -1,000000 -101,000000 0,000000 0,000000
826 1682701283 14,200000 -1,000000 -101,000000 0,000000 0,000000
826 1682701284 7,200000 -1,000000 -101,000000 0,000000 0,000000
826 1682701285 7,200000 -1,000000 -101,000000 0,000000 0,000000
826 1682701286 7,200000 -1,000000 -101,000000 0,000000 0,000000
826 1682701287 7,200000 -1,000000 -101,000000 0,000000 0,000000
826 1682701288 7,200000 -1,000000 -101,000000 0,000000 0,000000
826 1682701289 7,800000 -1,000000 -101,000000 0,000000 0,000000
826 1682701290 7,800000 -1,000000 -101,000000 0,000000 0,000000
826 1682701291 7,800000 -1,000000 -101,000000 0,000000 0,000000
826 1682701292 7,800000 -1,000000 -101,000000 0,000000 0,000000
826 1682701293 7,800000 -1,000000 -101,000000 0,000000 0,000000
826 1682701294 10,000000 -1,000000 -101,000000 0,000000 0,000000
826 1682701295 10,000000 -1,000000 -101,000000 0,000000 0,000000
826 1682701296 10,000000 -1,000000 -101,000000 0,000000 0,000000
826 1682701297 10,000000 -1,000000 -101,000000 0,000000 0,000000
826 1682701298 10,000000 -1,000000 -101,000000 0,000000 0,000000
826 1682701299 10,800000 -1,000000 -101,000000 0,000000 0,000000
826 1682701300 10,800000 -1,000000 -101,000000 0,000000 0,000000
826 1682701301 10,800000 -1,000000 -101,000000 0,000000 0,000000
826 1682701302 10,800000 -1,000000 -101,000000 0,000000 0,000000
826 1682701303 10,800000 -1,000000 -101,000000 0,000000 0,000000
826 1682701304 9,200000 -1,000000 -101,000000 0,000000 0,000000
826 1682701305 9,200000 -1,000000 -101,000000 0,000000 0,000000
826 1682701306 9,200000 -1,000000 -101,000000 0,000000 0,000000
826 1682701307 9,200000 -1,000000 -101,000000 0,000000 0,000000
826 1682701308 9,200000 -1,000000 -101,000000 0,000000 0,000000
826 1682701309 9,800000 -1,000000 -101,000000 0,000000 0,000000
826 1682701310 9,800000 -1,000000 -101,000000 0,000000 0,000000
826 1682701311 9,800000 -1,000000 -101,000000 0,000000 0,000000
826 1682701312 9,800000 -1,000000 -101,000000 0,000000 0,000000
826 1682701313 9,800000 -1,000000 -101,000000 0,000000 0,000000
826 1682701314 7,400000 -1,000000 -101,000000 0,000000 0,000000
826 1682701315 7,400000 -1,000000 -101,000000 0,000000 0,000000
826 1682701316 7,400000 -1,000000 -101,000000 0,000000 0,000000
826 1682701317 7,400000 -1,000000 -101,000000 0,000000 0,000000
826 1682701318 7,400000 -1,000000 -101,000000 0,000000 0,000000
826 1682701319 9,000000 -1,000000 -101,000000 0,000000 0,000000
826 1682701320 9,000000 -1,000000 -101,000000 0,000000 0,000000
826 1682701321 9,000000 -1,000000 -101,000000 0,000000 0,000000
826 1682701322 9,000000 -1,000000 -101,000000 0,000000 0,000000
826 1682701323 9,000000 -1,000000 -101,000000 0,000000 0,000000
826 1682701324 11,400000 -1,000000 -101,000000 0,000000 0,000000
826 1682701325 11,400000 -1,000000 -101,000000 0,000000 0,000000
826 1682701326 11,400000 -1,000000 -101,000000 0,000000 0,000000
826 1682701327 11,400000 -1,000000 -101,000000 0,000000 0,000000
826 1682701328 11,400000 -1,000000 -101,000000 0,000000 0,000000
826 1682701329 10,000000 -1,000000 -101,000000 0,000000 0,000000
826 1682701330 10,000000 -1,000000 -101,000000 0,000000 0,000000
826 1682701331 10,000000 -1,000000 -101,000000 0,000000 0,000000
826 1682701332 10,000000 -1,000000 -101,000000 0,000000 0,000000
826 1682701333 10,000000 -1,000000 -101,000000 0,000000 0,000000
826 1682701334 8,000000 -1,000000 -101,000000 0,000000 0,000000
826 1682701335 8,000000 -1,000000 -101,000000 0,000000 0,000000
826 1682701336 8,000000 -1,000000 -101,000000 0,000000 0,000000
826 1682701337 8,000000 -1,000000 -101,000000 0,000000 0,000000
826 1682701338 8,000000 -1,000000 -101,000000 0,000000 0,000000
826 1682701339 9,800000 -1,000000 -101,000000 0,000000 0,000000
826 1682701340 9,800000 -1,000000 -101,000000 0,000000 0,000000
826 1682701341 9,800000 -1,000000 -101,000000 0,000000 0,000000
826 1682701342 9,800000 -1,000000 -101,000000 0,000000 0,000000
826 1682701343 9,800000 -1,000000 -101,000000 0,000000 0,000000
826 1682701344 9,800000 -1,000000 -101,000000 0,000000 0,000000
826 1682701345 9,800000 -1,000000 -101,000000 0,000000 0,000000
826 1682701346 9,800000 -1,000000 -101,000000 0,000000 0,000000
826 1682701347 9,800000 -1,000000 -101,000000 0,000000 0,000000
826 1682701348 9,800000 -1,000000 -101,000000 0,000000 0,000000
826 1682701349 5,600000 -1,000000 -101,000000 0,000000 0,000000
826 1682701350 5,600000 -1,000000 -101,000000 0,000000 0,000000
826 1682701351 5,600000 -1,000000 -101,000000 0,000000 0,000000
826 1682701352 5,600000 -1,000000 -101,000000 0,000000 0,000000
826 1682701353 5,600000 -1,000000 -101,000000 0,000000 0,000000
826 1682701354 12,000000 -1,000000 -101,000000 0,000000 0,000000
826 1682701355 12,000000 -1,000000 -101,000000 0,000000 0,000000
826 1682701356 12,000000 -1,000000 -101,000000 0,000000 0,000000
826 1682701357 12,000000 -1,000000 -101,000000 0,000000 0,000000
826 1682701358 12,000000 -1,000000 -101,000000 0,000000 0,000000
826 1682701359 10,600000 -1,000000 -101,000000 0,000000 0,000000
826 1682701360 10,600000 -1,000000 -101,000000 0,000000 0,000000
826 1682701361 10,600000 -1,000000 -101,000000 0,000000 0,000000
826 1682701362 10,600000 -1,000000 -101,000000 0,000000 0,000000
826 1682701363 10,600000 -1,000000 -101,000000 0,000000 0,000000
826 1682701364 8,000000 -1,000000 -101,000000 0,000000 0,000000
826 1682701365 8,000000 -1,000000 -101,000000 0,000000 0,000000
826 1682701366 8,000000 -1,000000 -101,000000 0,000000 0,000000
826 1682701367 8,000000 -1,000000 -101,000000 0,000000 0,000000
826 1682701368 8,000000 -1,000000 -101,000000 0,000000 0,000000
826 1682701369 9,200000 -1,000000 -101,000000 0,000000 0,000000
826 1682701370 9,200000 -1,000000 -101,000000 0,000000 0,000000
826 1682701371 9,200000 -1,000000 -101,000000 0,000000 0,000000
826 1682701372 9,200000 -1,000000 -101,000000 0,000000 0,000000
826 1682701373 9,200000 -1,000000 -101,000000 0,000000 0,000000
826 1682701374 10,200000 -1,000000 -101,000000 0,000000 0,000000
826 1682701375 10,200000 -1,000000 -101,000000 0,000000 0,000000
826 1682701376 10,200000 -1,000000 -101,000000 0,000000 0,000000
826 1682701377 10,200000 -1,000000 -101,000000 0,000000 0,000000
826 1682701378 10,200000 -1,000000 -101,000000 0,000000 0,000000
826 1682701379 9,800000 -1,000000 -101,000000 0,000000 0,000000
826 1682701380 9,800000 -1,000000 -101,000000 0,000000 0,000000
826 1682701381 9,800000 -1,000000 -101,000000 0,000000 0,000000
826 1682701382 9,800000 -1,000000 -101,000000 0,000000 0,000000
826 1682701383 9,800000 -1,000000 -101,000000 0,000000 0,000000
826 1682701384 10,600000 -1,000000 -101,000000 0,000000 0,000000
826 1682701385 10,600000 -1,000000 -101,000000 0,000000 0,000000
826 1682701386 10,600000 -1,000000 -101,000000 0,000000 0,000000
826 1682701387 10,600000 -1,000000 -101,000000 0,000000 0,000000
826 1682701388 10,600000 -1,000000 -101,000000 0,000000 0,000000
826 1682701389 8,800000 -1,000000 -101,000000 0,000000 0,000000
826 1682701390 8,800000 -1,000000 -101,000000 0,000000 0,000000
826 1682701391 8,800000 -1,000000 -101,000000 0,000000 0,000000
826 1682701392 8,800000 -1,000000 -101,000000 0,000000 0,000000
826 1682701393 8,800000 -1,000000 -101,000000 0,000000 0,000000
826 1682701394 8,600000 -1,000000 -101,000000 0,000000 0,000000
826 1682701395 8,600000 -1,000000 -101,000000 0,000000 0,000000
826 1682701396 8,600000 -1,000000 -101,000000 0,000000 0,000000
826 1682701397 8,600000 -1,000000 -101,000000 0,000000 0,000000
826 1682701398 8,600000 -1,000000 -101,000000 0,000000 0,000000
826 1682701399 7,800000 -1,000000 -101,000000 0,000000 0,000000
826 1682701400 7,800000 -1,000000 -101,000000 0,000000 0,000000
826 1682701401 7,800000 -1,000000 -101,000000 0,000000 0,000000
826 1682701402 7,800000 -1,000000 -101,000000 0,000000 0,000000
826 1682701403 7,800000 -1,000000 -101,000000 0,000000 0,000000
826 1682701404 13,400000 -1,000000 -101,000000 0,000000 0,000000
826 1682701405 13,400000 -1,000000 -101,000000 0,000000 0,000000
826 1682701406 13,400000 -1,000000 -101,000000 0,000000 0,000000
826 1682701407 13,400000 -1,000000 -101,000000 0,000000 0,000000
826 1682701408 13,400000 -1,000000 -101,000000 0,000000 0,000000
826 1682701409 8,000000 -1,000000 -101,000000 0,000000 0,000000
826 1682701410 8,000000 -1,000000 -101,000000 0,000000 0,000000
826 1682701411 8,000000 -1,000000 -101,000000 0,000000 0,000000
826 1682701412 8,000000 -1,000000 -101,000000 0,000000 0,000000
826 1682701413 8,000000 -1,000000 -101,000000 0,000000 0,000000
826 1682701414 8,400000 -1,000000 -101,000000 0,000000 0,000000
826 1682701415 8,400000 -1,000000 -101,000000 0,000000 0,000000
826 1682701416 8,400000 -1,000000 -101,000000 0,000000 0,000000
826 1682701417 8,400000 -1,000000 -101,000000 0,000000 0,000000
826 1682701418 8,400000 -1,000000 -101,000000 0,000000 0,000000
826 1682701419 10,800000 -1,000000 -101,000000 0,000000 0,000000
826 1682701420 10,800000 -1,000000 -101,000000 0,000000 0,000000
826 1682701421 10,800000 -1,000000 -101,000000 0,000000 0,000000
826 1682701422 10,800000 -1,000000 -101,000000 0,000000 0,000000
826 1682701423 10,800000 -1,000000 -101,000000 0,000000 0,000000
826 1682701424 8,200000 -1,000000 -101,000000 0,000000 0,000000
826 1682701425 8,200000 -1,000000 -101,000000 0,000000 0,000000
826 1682701426 8,200000 -1,000000 -101,000000 0,000000 0,000000
826 1682701427 8,200000 -1,000000 -101,000000 0,000000 0,000000
826 1682701428 8,200000 -1,000000 -101,000000 0,000000 0,000000
826 1682701429 9,000000 -1,000000 -101,000000 0,000000 0,000000
826 1682701430 9,000000 -1,000000 -101,000000 0,000000 0,000000
826 1682701431 9,000000 -1,000000 -101,000000 0,000000 0,000000
826 1682701432 9,000000 -1,000000 -101,000000 0,000000 0,000000
826 1682701433 9,000000 -1,000000 -101,000000 0,000000 0,000000
826 1682701434 13,000000 -1,000000 -101,000000 0,000000 0,000000
826 1682701435 13,000000 -1,000000 -101,000000 0,000000 0,000000
826 1682701436 13,000000 -1,000000 -101,000000 0,000000 0,000000
826 1682701437 13,000000 -1,000000 -101,000000 0,000000 0,000000
826 1682701438 13,000000 -1,000000 -101,000000 0,000000 0,000000
826 1682701439 7,800000 -1,000000 -101,000000 0,000000 0,000000
826 1682701440 7,800000 -1,000000 -101,000000 0,000000 0,000000
826 1682701441 7,800000 -1,000000 -101,000000 0,000000 0,000000
826 1682701442 7,800000 -1,000000 -101,000000 0,000000 0,000000
826 1682701443 7,800000 -1,000000 -101,000000 0,000000 0,000000
826 1682701444 9,000000 -1,000000 -101,000000 0,000000 0,000000
826 1682701445 9,000000 -1,000000 -101,000000 0,000000 0,000000
826 1682701446 9,000000 -1,000000 -101,000000 0,000000 0,000000
826 1682701447 9,000000 -1,000000 -101,000000 0,000000 0,000000
826 1682701448 9,000000 -1,000000 -101,000000 0,000000 0,000000
826 1682701449 10,000000 -1,000000 -101,000000 0,000000 0,000000
826 1682701450 10,000000 -1,000000 -101,000000 0,000000 0,000000
826 1682701451 10,000000 -1,000000 -101,000000 0,000000 0,000000
826 1682701452 10,000000 -1,000000 -101,000000 0,000000 0,000000
826 1682701453 10,000000 -1,000000 -101,000000 0,000000 0,000000
826 1682701454 9,400000 -1,000000 -101,000000 0,000000 0,000000
826 1682701455 9,400000 -1,000000 -101,000000 0,000000 0,000000
826 1682701456 9,400000 -1,000000 -101,000000 0,000000 0,000000
826 1682701457 9,400000 -1,000000 -101,000000 0,000000 0,000000
826 1682701458 9,400000 -1,000000 -101,000000 0,000000 0,000000
826 1682701459 8,600000 -1,000000 -101,000000 0,000000 0,000000
826 1682701460 8,600000 -1,000000 -101,000000 0,000000 0,000000
826 1682701461 8,600000 -1,000000 -101,000000 0,000000 0,000000
826 1682701462 8,600000 -1,000000 -101,000000 0,000000 0,000000
826 1682701463 8,600000 -1,000000 -101,000000 0,000000 0,000000
826 1682701464 13,000000 -1,000000 -101,000000 0,000000 0,000000
826 1682701465 13,000000 -1,000000 -101,000000 0,000000 0,000000
826 1682701466 13,000000 -1,000000 -101,000000 0,000000 0,000000
826 1682701467 13,000000 -1,000000 -101,000000 0,000000 0,000000
826 1682701468 13,000000 -1,000000 -101,000000 0,000000 0,000000
826 1682701469 6,600000 -1,000000 -101,000000 0,000000 0,000000
826 1682701470 6,600000 -1,000000 -101,000000 0,000000 0,000000
826 1682701471 6,600000 -1,000000 -101,000000 0,000000 0,000000
826 1682701472 6,600000 -1,000000 -101,000000 0,000000 0,000000
826 1682701473 6,600000 -1,000000 -101,000000 0,000000 0,000000
826 1682701474 9,800000 -1,000000 -101,000000 0,000000 0,000000
826 1682701475 9,800000 -1,000000 -101,000000 0,000000 0,000000
826 1682701476 9,800000 -1,000000 -101,000000 0,000000 0,000000
826 1682701477 9,800000 -1,000000 -101,000000 0,000000 0,000000
826 1682701478 9,800000 -1,000000 -101,000000 0,000000 0,000000
826 1682701479 10,600000 -1,000000 -101,000000 0,000000 0,000000
826 1682701480 10,600000 -1,000000 -101,000000 0,000000 0,000000
826 1682701481 10,600000 -1,000000 -101,000000 0,000000 0,000000
826 1682701482 10,600000 -1,000000 -101,000000 0,000000 0,000000
826 1682701483 10,600000 -1,000000 -101,000000 0,000000 0,000000
826 1682701484 10,200000 -1,000000 -101,000000 0,000000 0,000000
826 1682701485 10,200000 -1,000000 -101,000000 0,000000 0,000000
826 1682701486 10,200000 -1,000000 -101,000000 0,000000 0,000000
826 1682701487 10,200000 -1,000000 -101,000000 0,000000 0,000000
826 1682701488 10,200000 -1,000000 -101,000000 0,000000 0,000000
826 1682701489 8,000000 -1,000000 -101,000000 0,000000 0,000000
826 1682701490 8,000000 -1,000000 -101,000000 0,000000 0,000000
826 1682701491 8,000000 -1,000000 -101,000000 0,000000 0,000000
826 1682701492 8,000000 -1,000000 -101,000000 0,000000 0,000000
826 1682701493 8,000000 -1,000000 -101,000000 0,000000 0,000000
826 1682701494 10,600000 -1,000000 -101,000000 0,000000 0,000000
826 1682701495 10,600000 -1,000000 -101,000000 0,000000 0,000000
826 1682701496 10,600000 -1,000000 -101,000000 0,000000 0,000000
826 1682701497 10,600000 -1,000000 -101,000000 0,000000 0,000000
826 1682701498 10,600000 -1,000000 -101,000000 0,000000 0,000000
826 1682701499 7,200000 -1,000000 -101,000000 0,000000 0,000000
826 1682701500 7,200000 -1,000000 -101,000000 0,000000 0,000000
826 1682701501 7,200000 -1,000000 -101,000000 0,000000 0,000000
826 1682701502 7,200000 -1,000000 -101,000000 0,000000 0,000000
826 1682701503 7,200000 -1,000000 -101,000000 0,000000 0,000000
826 1682701504 10,400000 -1,000000 -101,000000 0,000000 0,000000
826 1682701505 10,400000 -1,000000 -101,000000 0,000000 0,000000
826 1682701506 10,400000 -1,000000 -101,000000 0,000000 0,000000
826 1682701507 10,400000 -1,000000 -101,000000 0,000000 0,000000
826 1682701508 10,400000 -1,000000 -101,000000 0,000000 0,000000
826 1682701509 13,000000 -1,000000 -101,000000 0,000000 0,000000
826 1682701510 13,000000 -1,000000 -101,000000 0,000000 0,000000
826 1682701511 13,000000 -1,000000 -101,000000 0,000000 0,000000
826 1682701512 13,000000 -1,000000 -101,000000 0,000000 0,000000
826 1682701513 13,000000 -1,000000 -101,000000 0,000000 0,000000
826 1682701514 7,600000 -1,000000 -101,000000 0,000000 0,000000
826 1682701515 7,600000 -1,000000 -101,000000 0,000000 0,000000
826 1682701516 7,600000 -1,000000 -101,000000 0,000000 0,000000
826 1682701517 7,600000 -1,000000 -101,000000 0,000000 0,000000
826 1682701518 7,600000 -1,000000 -101,000000 0,000000 0,000000
826 1682701519 7,800000 -1,000000 -101,000000 0,000000 0,000000
826 1682701520 7,800000 -1,000000 -101,000000 0,000000 0,000000
826 1682701521 7,800000 -1,000000 -101,000000 0,000000 0,000000
826 1682701522 7,800000 -1,000000 -101,000000 0,000000 0,000000
826 1682701523 7,800000 -1,000000 -101,000000 0,000000 0,000000
826 1682701524 12,000000 -1,000000 -101,000000 0,000000 0,000000
826 1682701525 12,000000 -1,000000 -101,000000 0,000000 0,000000
826 1682701526 12,000000 -1,000000 -101,000000 0,000000 0,000000
826 1682701527 12,000000 -1,000000 -101,000000 0,000000 0,000000
826 1682701528 12,000000 -1,000000 -101,000000 0,000000 0,000000
826 1682701529 9,000000 -1,000000 -101,000000 0,000000 0,000000
826 1682701530 9,000000 -1,000000 -101,000000 0,000000 0,000000
826 1682701531 9,000000 -1,000000 -101,000000 0,000000 0,000000
826 1682701532 9,000000 -1,000000 -101,000000 0,000000 0,000000
826 1682701533 9,000000 -1,000000 -101,000000 0,000000 0,000000
826 1682701534 10,000000 -1,000000 -101,000000 0,000000 0,000000
826 1682701535 10,000000 -1,000000 -101,000000 0,000000 0,000000
826 1682701536 10,000000 -1,000000 -101,000000 0,000000 0,000000
826 1682701537 10,000000 -1,000000 -101,000000 0,000000 0,000000
826 1682701538 10,000000 -1,000000 -101,000000 0,000000 0,000000
826 1682701539 9,600000 -1,000000 -101,000000 0,000000 0,000000
826 1682701540 9,600000 -1,000000 -101,000000 0,000000 0,000000
826 1682701541 9,600000 -1,000000 -101,000000 0,000000 0,000000
826 1682701542 9,600000 -1,000000 -101,000000 0,000000 0,000000
826 1682701543 9,600000 -1,000000 -101,000000 0,000000 0,000000
826 1682701544 8,400000 -1,000000 -101,000000 0,000000 0,000000
826 1682701545 8,400000 -1,000000 -101,000000 0,000000 0,000000
826 1682701546 8,400000 -1,000000 -101,000000 0,000000 0,000000
826 1682701547 8,400000 -1,000000 -101,000000 0,000000 0,000000
826 1682701548 8,400000 -1,000000 -101,000000 0,000000 0,000000
826 1682701549 9,000000 -1,000000 -101,000000 0,000000 0,000000
826 1682701550 9,000000 -1,000000 -101,000000 0,000000 0,000000
826 1682701551 9,000000 -1,000000 -101,000000 0,000000 0,000000
826 1682701552 9,000000 -1,000000 -101,000000 0,000000 0,000000
826 1682701553 9,000000 -1,000000 -101,000000 0,000000 0,000000
826 1682701554 8,600000 -1,000000 -101,000000 0,000000 0,000000
826 1682701555 8,600000 -1,000000 -101,000000 0,000000 0,000000
826 1682701556 8,600000 -1,000000 -101,000000 0,000000 0,000000
826 1682701557 8,600000 -1,000000 -101,000000 0,000000 0,000000
826 1682701558 8,600000 -1,000000 -101,000000 0,000000 0,000000
826 1682701559 10,200000 -1,000000 -101,000000 0,000000 0,000000
826 1682701560 10,200000 -1,000000 -101,000000 0,000000 0,000000
826 1682701561 10,200000 -1,000000 -101,000000 0,000000 0,000000
826 1682701562 10,200000 -1,000000 -101,000000 0,000000 0,000000
826 1682701563 10,200000 -1,000000 -101,000000 0,000000 0,000000
826 1682701564 8,400000 -1,000000 -101,000000 0,000000 0,000000
826 1682701565 8,400000 -1,000000 -101,000000 0,000000 0,000000
826 1682701566 8,400000 -1,000000 -101,000000 0,000000 0,000000
826 1682701567 8,400000 -1,000000 -101,000000 0,000000 0,000000
826 1682701568 8,400000 -1,000000 -101,000000 0,000000 0,000000
826 1682701569 11,600000 -1,000000 -101,000000 0,000000 0,000000
826 1682701570 11,600000 -1,000000 -101,000000 0,000000 0,000000
826 1682701571 11,600000 -1,000000 -101,000000 0,000000 0,000000
826 1682701572 11,600000 -1,000000 -101,000000 0,000000 0,000000
826 1682701573 11,600000 -1,000000 -101,000000 0,000000 0,000000
826 1682701574 7,200000 -1,000000 -101,000000 0,000000 0,000000
826 1682701575 7,200000 -1,000000 -101,000000 0,000000 0,000000
826 1682701576 7,200000 -1,000000 -101,000000 0,000000 0,000000
826 1682701577 7,200000 -1,000000 -101,000000 0,000000 0,000000
826 1682701578 7,200000 -1,000000 -101,000000 0,000000 0,000000
826 1682701579 9,600000 -1,000000 -101,000000 0,000000 0,000000
826 1682701580 9,600000 -1,000000 -101,000000 0,000000 0,000000
826 1682701581 9,600000 -1,000000 -101,000000 0,000000 0,000000
826 1682701582 9,600000 -1,000000 -101,000000 0,000000 0,000000
826 1682701583 9,600000 -1,000000 -101,000000 0,000000 0,000000
826 1682701584 11,400000 -1,000000 -101,000000 0,000000 0,000000
826 1682701585 11,400000 -1,000000 -101,000000 0,000000 0,000000
826 1682701586 11,400000 -1,000000 -101,000000 0,000000 0,000000
826 1682701587 11,400000 -1,000000 -101,000000 0,000000 0,000000
826 1682701588 11,400000 -1,000000 -101,000000 0,000000 0,000000
826 1682701589 10,000000 -1,000000 -101,000000 0,000000 0,000000
826 1682701590 10,000000 -1,000000 -101,000000 0,000000 0,000000
826 1682701591 10,000000 -1,000000 -101,000000 0,000000 0,000000
826 1682701592 10,000000 -1,000000 -101,000000 0,000000 0,000000
826 1682701593 10,000000 -1,000000 -101,000000 0,000000 0,000000
826 1682701594 6,600000 -1,000000 -101,000000 0,000000 0,000000
826 1682701595 6,600000 -1,000000 -101,000000 0,000000 0,000000
826 1682701596 6,600000 -1,000000 -101,000000 0,000000 0,000000
826 1682701597 6,600000 -1,000000 -101,000000 0,000000 0,000000
826 1682701598 6,600000 -1,000000 -101,000000 0,000000 0,000000
826 1682701599 10,400000 -1,000000 -101,000000 0,000000 0,000000
826 1682701600 10,400000 -1,000000 -101,000000 0,000000 0,000000
826 1682701601 10,400000 -1,000000 -101,000000 0,000000 0,000000
826 1682701602 10,400000 -1,000000 -101,000000 0,000000 0,000000
826 1682701603 10,400000 -1,000000 -101,000000 0,000000 0,000000
826 1682701604 9,800000 -1,000000 -101,000000 0,000000 0,000000
826 1682701605 9,800000 -1,000000 -101,000000 0,000000 0,000000
826 1682701606 9,800000 -1,000000 -101,000000 0,000000 0,000000
826 1682701607 9,800000 -1,000000 -101,000000 0,000000 0,000000
826 1682701608 9,800000 -1,000000 -101,000000 0,000000 0,000000
826 1682701609 10,400000 -1,000000 -101,000000 0,000000 0,000000
826 1682701610 10,400000 -1,000000 -101,000000 0,000000 0,000000
826 1682701611 10,400000 -1,000000 -101,000000 0,000000 0,000000
826 1682701612 10,400000 -1,000000 -101,000000 0,000000 0,000000
826 1682701613 10,400000 -1,000000 -101,000000 0,000000 0,000000
826 1682701614 10,400000 -1,000000 -101,000000 0,000000 0,000000
826 1682701615 10,400000 -1,000000 -101,000000 0,000000 0,000000
826 1682701616 10,400000 -1,000000 -101,000000 0,000000 0,000000
826 1682701617 10,400000 -1,000000 -101,000000 0,000000 0,000000
826 1682701618 10,400000 -1,000000 -101,000000 0,000000 0,000000
826 1682701619 9,000000 -1,000000 -101,000000 0,000000 0,000000
826 1682701620 9,000000 -1,000000 -101,000000 0,000000 0,000000
826 1682701621 9,000000 -1,000000 -101,000000 0,000000 0,000000
826 1682701622 9,000000 -1,000000 -101,000000 0,000000 0,000000
826 1682701623 9,000000 -1,000000 -101,000000 0,000000 0,000000
826 1682701624 8,200000 -1,000000 -101,000000 0,000000 0,000000
826 1682701625 8,200000 -1,000000 -101,000000 0,000000 0,000000
826 1682701626 8,200000 -1,000000 -101,000000 0,000000 0,000000
826 1682701627 8,200000 -1,000000 -101,000000 0,000000 0,000000
826 1682701628 8,200000 -1,000000 -101,000000 0,000000 0,000000
826 1682701629 11,000000 -1,000000 -101,000000 0,000000 0,000000
826 1682701630 11,000000 -1,000000 -101,000000 0,000000 0,000000
826 1682701631 11,000000 -1,000000 -101,000000 0,000000 0,000000
826 1682701632 11,000000 -1,000000 -101,000000 0,000000 0,000000
826 1682701633 11,000000 -1,000000 -101,000000 0,000000 0,000000
826 1682701634 10,200000 -1,000000 -101,000000 0,000000 0,000000
826 1682701635 10,200000 -1,000000 -101,000000 0,000000 0,000000
826 1682701636 10,200000 -1,000000 -101,000000 0,000000 0,000000
826 1682701637 10,200000 -1,000000 -101,000000 0,000000 0,000000
826 1682701638 10,200000 -1,000000 -101,000000 0,000000 0,000000
826 1682701639 9,800000 -1,000000 -101,000000 0,000000 0,000000
826 1682701640 9,800000 -1,000000 -101,000000 0,000000 0,000000
826 1682701641 9,800000 -1,000000 -101,000000 0,000000 0,000000
826 1682701642 9,800000 -1,000000 -101,000000 0,000000 0,000000
826 1682701643 9,800000 -1,000000 -101,000000 0,000000 0,000000
826 1682701644 7,600000 -1,000000 -101,000000 0,000000 0,000000
826 1682701645 7,600000 -1,000000 -101,000000 0,000000 0,000000
826 1682701646 7,600000 -1,000000 -101,000000 0,000000 0,000000
826 1682701647 7,600000 -1,000000 -101,000000 0,000000 0,000000
826 1682701648 7,600000 -1,000000 -101,000000 0,000000 0,000000
826 1682701649 10,600000 -1,000000 -101,000000 0,000000 0,000000
826 1682701650 10,600000 -1,000000 -101,000000 0,000000 0,000000
826 1682701651 10,600000 -1,000000 -101,000000 0,000000 0,000000
826 1682701652 10,600000 -1,000000 -101,000000 0,000000 0,000000
826 1682701653 10,600000 -1,000000 -101,000000 0,000000 0,000000
826 1682701654 7,200000 -1,000000 -101,000000 0,000000 0,000000
826 1682701655 7,200000 -1,000000 -101,000000 0,000000 0,000000
826 1682701656 7,200000 -1,000000 -101,000000 0,000000 0,000000
826 1682701657 7,200000 -1,000000 -101,000000 0,000000 0,000000
826 1682701658 7,200000 -1,000000 -101,000000 0,000000 0,000000
826 1682701659 10,800000 -1,000000 -101,000000 0,000000 0,000000
826 1682701660 10,800000 -1,000000 -101,000000 0,000000 0,000000
826 1682701661 10,800000 -1,000000 -101,000000 0,000000 0,000000
826 1682701662 10,800000 -1,000000 -101,000000 0,000000 0,000000
826 1682701663 10,800000 -1,000000 -101,000000 0,000000 0,000000
826 1682701664 12,400000 -1,000000 -101,000000 0,000000 0,000000
826 1682701665 12,400000 -1,000000 -101,000000 0,000000 0,000000
826 1682701666 12,400000 -1,000000 -101,000000 0,000000 0,000000
826 1682701667 12,400000 -1,000000 -101,000000 0,000000 0,000000
826 1682701668 12,400000 -1,000000 -101,000000 0,000000 0,000000
826 1682701669 7,400000 -1,000000 -101,000000 0,000000 0,000000
826 1682701670 7,400000 -1,000000 -101,000000 0,000000 0,000000
826 1682701671 7,400000 -1,000000 -101,000000 0,000000 0,000000
826 1682701672 7,400000 -1,000000 -101,000000 0,000000 0,000000
826 1682701673 7,400000 -1,000000 -101,000000 0,000000 0,000000
826 1682701674 8,000000 -1,000000 -101,000000 0,000000 0,000000
826 1682701675 8,000000 -1,000000 -101,000000 0,000000 0,000000
826 1682701676 8,000000 -1,000000 -101,000000 0,000000 0,000000
826 1682701677 8,000000 -1,000000 -101,000000 0,000000 0,000000
826 1682701678 8,000000 -1,000000 -101,000000 0,000000 0,000000
826 1682701679 9,400000 -1,000000 -101,000000 0,000000 0,000000
826 1682701680 9,400000 -1,000000 -101,000000 0,000000 0,000000
826 1682701681 9,400000 -1,000000 -101,000000 0,000000 0,000000
826 1682701682 9,400000 -1,000000 -101,000000 0,000000 0,000000
826 1682701683 9,400000 -1,000000 -101,000000 0,000000 0,000000
826 1682701684 9,600000 -1,000000 -101,000000 0,000000 0,000000
826 1682701685 9,600000 -1,000000 -101,000000 0,000000 0,000000
826 1682701686 9,600000 -1,000000 -101,000000 0,000000 0,000000
826 1682701687 9,600000 -1,000000 -101,000000 0,000000 0,000000
826 1682701688 9,600000 -1,000000 -101,000000 0,000000 0,000000
826 1682701689 9,800000 -1,000000 -101,000000 0,000000 0,000000
826 1682701690 9,800000 -1,000000 -101,000000 0,000000 0,000000
826 1682701691 9,800000 -1,000000 -101,000000 0,000000 0,000000
826 1682701692 9,800000 -1,000000 -101,000000 0,000000 0,000000
826 1682701693 9,800000 -1,000000 -101,000000 0,000000 0,000000
826 1682701694 11,600000 -1,000000 -101,000000 0,000000 0,000000
826 1682701695 11,600000 -1,000000 -101,000000 0,000000 0,000000
826 1682701696 11,600000 -1,000000 -101,000000 0,000000 0,000000
826 1682701697 11,600000 -1,000000 -101,000000 0,000000 0,000000
826 1682701698 11,600000 -1,000000 -101,000000 0,000000 0,000000
826 1682701699 6,600000 -1,000000 -101,000000 0,000000 0,000000
826 1682701700 6,600000 -1,000000 -101,000000 0,000000 0,000000
826 1682701701 6,600000 -1,000000 -101,000000 0,000000 0,000000
826 1682701702 6,600000 -1,000000 -101,000000 0,000000 0,000000
826 1682701703 6,600000 -1,000000 -101,000000 0,000000 0,000000
826 1682701704 10,000000 -1,000000 -101,000000 0,000000 0,000000
826 1682701705 10,000000 -1,000000 -101,000000 0,000000 0,000000
826 1682701706 10,000000 -1,000000 -101,000000 0,000000 0,000000
826 1682701707 10,000000 -1,000000 -101,000000 0,000000 0,000000
826 1682701708 10,000000 -1,000000 -101,000000 0,000000 0,000000
826 1682701709 11,800000 -1,000000 -101,000000 0,000000 0,000000
826 1682701710 11,800000 -1,000000 -101,000000 0,000000 0,000000
826 1682701711 11,800000 -1,000000 -101,000000 0,000000 0,000000
826 1682701712 11,800000 -1,000000 -101,000000 0,000000 0,000000
826 1682701713 11,800000 -1,000000 -101,000000 0,000000 0,000000
826 1682701714 9,200000 -1,000000 -101,000000 0,000000 0,000000
826 1682701715 9,200000 -1,000000 -101,000000 0,000000 0,000000
826 1682701716 9,200000 -1,000000 -101,000000 0,000000 0,000000
826 1682701717 9,200000 -1,000000 -101,000000 0,000000 0,000000
826 1682701718 9,200000 -1,000000 -101,000000 0,000000 0,000000
826 1682701719 8,400000 -1,000000 -101,000000 0,000000 0,000000
826 1682701720 8,400000 -1,000000 -101,000000 0,000000 0,000000
826 1682701721 8,400000 -1,000000 -101,000000 0,000000 0,000000
826 1682701722 8,400000 -1,000000 -101,000000 0,000000 0,000000
826 1682701723 8,400000 -1,000000 -101,000000 0,000000 0,000000
826 1682701724 11,800000 -1,000000 -101,000000 0,000000 0,000000
826 1682701725 11,800000 -1,000000 -101,000000 0,000000 0,000000
826 1682701726 11,800000 -1,000000 -101,000000 0,000000 0,000000
826 1682701727 11,800000 -1,000000 -101,000000 0,000000 0,000000
826 1682701728 11,800000 -1,000000 -101,000000 0,000000 0,000000
826 1682701729 7,400000 -1,000000 -101,000000 0,000000 0,000000
826 1682701730 7,400000 -1,000000 -101,000000 0,000000 0,000000
826 1682701731 7,400000 -1,000000 -101,000000 0,000000 0,000000
826 1682701732 7,400000 -1,000000 -101,000000 0,000000 0,000000
826 1682701733 7,400000 -1,000000 -101,000000 0,000000 0,000000
826 1682701734 10,000000 -1,000000 -101,000000 0,000000 0,000000
826 1682701735 10,000000 -1,000000 -101,000000 0,000000 0,000000
826 1682701736 10,000000 -1,000000 -101,000000 0,000000 0,000000
826 1682701737 10,000000 -1,000000 -101,000000 0,000000 0,000000
826 1682701738 10,000000 -1,000000 -101,000000 0,000000 0,000000
826 1682701739 10,400000 -1,000000 -101,000000 0,000000 0,000000
826 1682701740 10,400000 -1,000000 -101,000000 0,000000 0,000000
826 1682701741 10,400000 -1,000000 -101,000000 0,000000 0,000000
826 1682701742 10,400000 -1,000000 -101,000000 0,000000 0,000000
826 1682701743 10,400000 -1,000000 -101,000000 0,000000 0,000000
826 1682701744 7,400000 -1,000000 -101,000000 0,000000 0,000000
826 1682701745 7,400000 -1,000000 -101,000000 0,000000 0,000000
826 1682701746 7,400000 -1,000000 -101,000000 0,000000 0,000000
826 1682701747 7,400000 -1,000000 -101,000000 0,000000 0,000000
826 1682701748 7,400000 -1,000000 -101,000000 0,000000 0,000000
826 1682701749 8,600000 -1,000000 -101,000000 0,000000 0,000000
826 1682701750 8,600000 -1,000000 -101,000000 0,000000 0,000000
826 1682701751 8,600000 -1,000000 -101,000000 0,000000 0,000000
826 1682701752 8,600000 -1,000000 -101,000000 0,000000 0,000000
826 1682701753 8,600000 -1,000000 -101,000000 0,000000 0,000000
826 1682701754 11,200000 -1,000000 -101,000000 0,000000 0,000000
826 1682701755 11,200000 -1,000000 -101,000000 0,000000 0,000000
