868 1682700374 0,200000 -1,000000 -101,000000 0,000000 0,000000
868 1682700375 0,200000 -1,000000 -101,000000 0,000000 0,000000
868 1682700376 0,200000 -1,000000 -101,000000 0,000000 0,000000
868 1682700377 0,200000 -1,000000 -101,000000 0,000000 0,000000
868 1682700378 0,200000 -1,000000 -101,000000 0,000000 0,000000
868 1682700384 0,200000 -1,000000 -101,000000 0,000000 0,000000
868 1682700385 0,200000 -1,000000 -101,000000 0,000000 0,000000
868 1682700386 0,200000 -1,000000 -101,000000 0,000000 0,000000
868 1682700387 0,200000 -1,000000 -101,000000 0,000000 0,000000
868 1682700388 0,200000 -1,000000 -101,000000 0,000000 0,000000
868 1682700409 0,200000 -1,000000 -101,000000 0,000000 0,000000
868 1682700410 0,200000 -1,000000 -101,000000 0,000000 0,000000
868 1682700411 0,200000 -1,000000 -101,000000 0,000000 0,000000
868 1682700412 0,200000 -1,000000 -101,000000 0,000000 0,000000
868 1682700413 0,200000 -1,000000 -101,000000 0,000000 0,000000
868 1682700424 0,400000 -1,000000 -101,000000 0,000000 0,000000
868 1682700425 0,400000 -1,000000 -101,000000 0,000000 0,000000
868 1682700426 0,400000 -1,000000 -101,000000 0,000000 0,000000
868 1682700427 0,400000 -1,000000 -101,000000 0,000000 0,000000
868 1682700428 0,400000 -1,000000 -101,000000 0,000000 0,000000
868 1682700429 0,400000 -1,000000 -101,000000 0,000000 0,000000
868 1682700430 0,400000 -1,000000 -101,000000 0,000000 0,000000
868 1682700431 0,400000 -1,000000 -101,000000 0,000000 0,000000
868 1682700432 0,400000 -1,000000 -101,000000 0,000000 0,000000
868 1682700433 0,400000 -1,000000 -101,000000 0,000000 0,000000
868 1682700434 0,400000 -1,000000 -101,000000 0,000000 0,000000
868 1682700435 0,400000 -1,000000 -101,000000 0,000000 0,000000
868 1682700436 0,400000 -1,000000 -101,000000 0,000000 0,000000
868 1682700437 0,400000 -1,000000 -101,000000 0,000000 0,000000
868 1682700438 0,400000 -1,000000 -101,000000 0,000000 0,000000
868 1682700444 0,800000 -1,000000 -101,000000 0,000000 0,000000
868 1682700445 0,800000 -1,000000 -101,000000 0,000000 0,000000
868 1682700446 0,800000 -1,000000 -101,000000 0,000000 0,000000
868 1682700447 0,800000 -1,000000 -101,000000 0,000000 0,000000
868 1682700448 0,800000 -1,000000 -101,000000 0,000000 0,000000
868 1682700449 0,400000 -1,000000 -101,000000 0,000000 0,000000
868 1682700450 0,400000 -1,000000 -101,000000 0,000000 0,000000
868 1682700451 0,400000 -1,000000 -101,000000 0,000000 0,000000
868 1682700452 0,400000 -1,000000 -101,000000 0,000000 0,000000
868 1682700453 0,400000 -1,000000 -101,000000 0,000000 0,000000
868 1682700454 0,400000 -1,000000 -101,000000 0,000000 0,000000
868 1682700455 0,400000 -1,000000 -101,000000 0,000000 0,000000
868 1682700456 0,400000 -1,000000 -101,000000 0,000000 0,000000
868 1682700457 0,400000 -1,000000 -101,000000 0,000000 0,000000
868 1682700458 0,400000 -1,000000 -101,000000 0,000000 0,000000
868 1682700459 0,200000 -1,000000 -101,000000 0,000000 0,000000
868 1682700460 0,200000 -1,000000 -101,000000 0,000000 0,000000
868 1682700461 0,200000 -1,000000 -101,000000 0,000000 0,000000
868 1682700462 0,200000 -1,000000 -101,000000 0,000000 0,000000
868 1682700463 0,200000 -1,000000 -101,000000 0,000000 0,000000
868 1682700464 0,800000 -1,000000 -101,000000 0,000000 0,000000
868 1682700465 0,800000 -1,000000 -101,000000 0,000000 0,000000
868 1682700466 0,800000 -1,000000 -101,000000 0,000000 0,000000
868 1682700467 0,800000 -1,000000 -101,000000 0,000000 0,000000
868 1682700468 0,800000 -1,000000 -101,000000 0,000000 0,000000
868 1682700479 1,000000 -1,000000 -101,000000 0,000000 0,000000
868 1682700480 1,000000 -1,000000 -101,000000 0,000000 0,000000
868 1682700481 1,000000 -1,000000 -101,000000 0,000000 0,000000
868 1682700482 1,000000 -1,000000 -101,000000 0,000000 0,000000
868 1682700483 1,000000 -1,000000 -101,000000 0,000000 0,000000
868 1682700484 0,600000 -1,000000 -101,000000 0,000000 0,000000
868 1682700485 0,600000 -1,000000 -101,000000 0,000000 0,000000
868 1682700486 0,600000 -1,000000 -101,000000 0,000000 0,000000
868 1682700487 0,600000 -1,000000 -101,000000 0,000000 0,000000
868 1682700488 0,600000 -1,000000 -101,000000 0,000000 0,000000
868 1682700489 0,600000 -1,000000 -101,000000 0,000000 0,000000
868 1682700490 0,600000 -1,000000 -101,000000 0,000000 0,000000
868 1682700491 0,600000 -1,000000 -101,000000 0,000000 0,000000
868 1682700492 0,600000 -1,000000 -101,000000 0,000000 0,000000
868 1682700493 0,600000 -1,000000 -101,000000 0,000000 0,000000
868 1682700494 0,200000 -1,000000 -101,000000 0,000000 0,000000
868 1682700495 0,200000 -1,000000 -101,000000 0,000000 0,000000
868 1682700496 0,200000 -1,000000 -101,000000 0,000000 0,000000
868 1682700497 0,200000 -1,000000 -101,000000 0,000000 0,000000
868 1682700498 0,200000 -1,000000 -101,000000 0,000000 0,000000
868 1682700499 0,200000 -1,000000 -101,000000 0,000000 0,000000
868 1682700500 0,200000 -1,000000 -101,000000 0,000000 0,000000
868 1682700501 0,200000 -1,000000 -101,000000 0,000000 0,000000
868 1682700502 0,200000 -1,000000 -101,000000 0,000000 0,000000
868 1682700503 0,200000 -1,000000 -101,000000 0,000000 0,000000
868 1682700504 0,400000 -1,000000 -101,000000 0,000000 0,000000
868 1682700505 0,400000 -1,000000 -101,000000 0,000000 0,000000
868 1682700506 0,400000 -1,000000 -101,000000 0,000000 0,000000
868 1682700507 0,400000 -1,000000 -101,000000 0,000000 0,000000
868 1682700508 0,400000 -1,000000 -101,000000 0,000000 0,000000
868 1682700509 0,600000 -1,000000 -101,000000 0,000000 0,000000
868 1682700510 0,600000 -1,000000 -101,000000 0,000000 0,000000
868 1682700511 0,600000 -1,000000 -101,000000 0,000000 0,000000
868 1682700512 0,600000 -1,000000 -101,000000 0,000000 0,000000
868 1682700513 0,600000 -1,000000 -101,000000 0,000000 0,000000
868 1682700529 1,000000 -1,000000 -101,000000 0,000000 0,000000
868 1682700530 1,000000 -1,000000 -101,000000 0,000000 0,000000
868 1682700531 1,000000 -1,000000 -101,000000 0,000000 0,000000
868 1682700532 1,000000 -1,000000 -101,000000 0,000000 0,000000
868 1682700533 1,000000 -1,000000 -101,000000 0,000000 0,000000
868 1682700534 0,200000 -1,000000 -101,000000 0,000000 0,000000
868 1682700535 0,200000 -1,000000 -101,000000 0,000000 0,000000
868 1682700536 0,200000 -1,000000 -101,000000 0,000000 0,000000
868 1682700537 0,200000 -1,000000 -101,000000 0,000000 0,000000
868 1682700538 0,200000 -1,000000 -101,000000 0,000000 0,000000
868 1682700539 0,200000 -1,000000 -101,000000 0,000000 0,000000
868 1682700540 0,200000 -1,000000 -101,000000 0,000000 0,000000
868 1682700541 0,200000 -1,000000 -101,000000 0,000000 0,000000
868 1682700542 0,200000 -1,000000 -101,000000 0,000000 0,000000
868 1682700543 0,200000 -1,000000 -101,000000 0,000000 0,000000
868 1682700544 0,200000 -1,000000 -101,000000 0,000000 0,000000
868 1682700545 0,200000 -1,000000 -101,000000 0,000000 0,000000
868 1682700546 0,200000 -1,000000 -101,000000 0,000000 0,000000
868 1682700547 0,200000 -1,000000 -101,000000 0,000000 0,000000
868 1682700548 0,200000 -1,000000 -101,000000 0,000000 0,000000
868 1682700549 0,400000 -1,000000 -101,000000 0,000000 0,000000
868 1682700550 0,400000 -1,000000 -101,000000 0,000000 0,000000
868 1682700551 0,400000 -1,000000 -101,000000 0,000000 0,000000
868 1682700552 0,400000 -1,000000 -101,000000 0,000000 0,000000
868 1682700553 0,400000 -1,000000 -101,000000 0,000000 0,000000
868 1682700554 0,800000 -1,000000 -101,000000 0,000000 0,000000
868 1682700555 0,800000 -1,000000 -101,000000 0,000000 0,000000
868 1682700556 0,800000 -1,000000 -101,000000 0,000000 0,000000
868 1682700557 0,800000 -1,000000 -101,000000 0,000000 0,000000
868 1682700558 0,800000 -1,000000 -101,000000 0,000000 0,000000
868 1682700559 0,400000 -1,000000 -101,000000 0,000000 0,000000
868 1682700560 0,400000 -1,000000 -101,000000 0,000000 0,000000
868 1682700561 0,400000 -1,000000 -101,000000 0,000000 0,000000
868 1682700562 0,400000 -1,000000 -101,000000 0,000000 0,000000
868 1682700563 0,400000 -1,000000 -101,000000 0,000000 0,000000
868 1682700564 0,800000 -1,000000 -101,000000 0,000000 0,000000
868 1682700565 0,800000 -1,000000 -101,000000 0,000000 0,000000
868 1682700566 0,800000 -1,000000 -101,000000 0,000000 0,000000
868 1682700567 0,800000 -1,000000 -101,000000 0,000000 0,000000
868 1682700568 0,800000 -1,000000 -101,000000 0,000000 0,000000
868 1682700569 0,800000 -1,000000 -101,000000 0,000000 0,000000
868 1682700570 0,800000 -1,000000 -101,000000 0,000000 0,000000
868 1682700571 0,800000 -1,000000 -101,000000 0,000000 0,000000
868 1682700572 0,800000 -1,000000 -101,000000 0,000000 0,000000
868 1682700573 0,800000 -1,000000 -101,000000 0,000000 0,000000
868 1682700574 0,200000 -1,000000 -101,000000 0,000000 0,000000
868 1682700575 0,200000 -1,000000 -101,000000 0,000000 0,000000
868 1682700576 0,200000 -1,000000 -101,000000 0,000000 0,000000
868 1682700577 0,200000 -1,000000 -101,000000 0,000000 0,000000
868 1682700578 0,200000 -1,000000 -101,000000 0,000000 0,000000
868 1682700584 1,200000 -1,000000 -101,000000 0,000000 0,000000
868 1682700585 1,200000 -1,000000 -101,000000 0,000000 0,000000
868 1682700586 1,200000 -1,000000 -101,000000 0,000000 0,000000
868 1682700587 1,200000 -1,000000 -101,000000 0,000000 0,000000
868 1682700588 1,200000 -1,000000 -101,000000 0,000000 0,000000
868 1682700589 1,000000 -1,000000 -101,000000 0,000000 0,000000
868 1682700590 1,000000 -1,000000 -101,000000 0,000000 0,000000
868 1682700591 1,000000 -1,000000 -101,000000 0,000000 0,000000
868 1682700592 1,000000 -1,000000 -101,000000 0,000000 0,000000
868 1682700593 1,000000 -1,000000 -101,000000 0,000000 0,000000
868 1682700594 0,800000 -1,000000 -101,000000 0,000000 0,000000
868 1682700595 0,800000 -1,000000 -101,000000 0,000000 0,000000
868 1682700596 0,800000 -1,000000 -101,000000 0,000000 0,000000
868 1682700597 0,800000 -1,000000 -101,000000 0,000000 0,000000
868 1682700598 0,800000 -1,000000 -101,000000 0,000000 0,000000
868 1682700599 0,600000 -1,000000 -101,000000 0,000000 0,000000
868 1682700600 0,600000 -1,000000 -101,000000 0,000000 0,000000
868 1682700601 0,600000 -1,000000 -101,000000 0,000000 0,000000
868 1682700602 0,600000 -1,000000 -101,000000 0,000000 0,000000
868 1682700603 0,600000 -1,000000 -101,000000 0,000000 0,000000
868 1682700604 0,800000 -1,000000 -101,000000 0,000000 0,000000
868 1682700605 0,800000 -1,000000 -101,000000 0,000000 0,000000
868 1682700606 0,800000 -1,000000 -101,000000 0,000000 0,000000
868 1682700607 0,800000 -1,000000 -101,000000 0,000000 0,000000
868 1682700608 0,800000 -1,000000 -101,000000 0,000000 0,000000
868 1682700609 1,200000 -1,000000 -101,000000 0,000000 0,000000
868 1682700610 1,200000 -1,000000 -101,000000 0,000000 0,000000
868 1682700611 1,200000 -1,000000 -101,000000 0,000000 0,000000
868 1682700612 1,200000 -1,000000 -101,000000 0,000000 0,000000
868 1682700613 1,200000 -1,000000 -101,000000 0,000000 0,000000
868 1682700614 1,200000 -1,000000 -101,000000 0,000000 0,000000
868 1682700615 1,200000 -1,000000 -101,000000 0,000000 0,000000
868 1682700616 1,200000 -1,000000 -101,000000 0,000000 0,000000
868 1682700617 1,200000 -1,000000 -101,000000 0,000000 0,000000
868 1682700618 1,200000 -1,000000 -101,000000 0,000000 0,000000
868 1682700624 0,200000 -1,000000 -101,000000 0,000000 0,000000
868 1682700625 0,200000 -1,000000 -101,000000 0,000000 0,000000
868 1682700626 0,200000 -1,000000 -101,000000 0,000000 0,000000
868 1682700627 0,200000 -1,000000 -101,000000 0,000000 0,000000
868 1682700628 0,200000 -1,000000 -101,000000 0,000000 0,000000
868 1682700629 0,600000 -1,000000 -101,000000 0,000000 0,000000
868 1682700630 0,600000 -1,000000 -101,000000 0,000000 0,000000
868 1682700631 0,600000 -1,000000 -101,000000 0,000000 0,000000
868 1682700632 0,600000 -1,000000 -101,000000 0,000000 0,000000
868 1682700633 0,600000 -1,000000 -101,000000 0,000000 0,000000
868 1682700634 1,000000 -1,000000 -101,000000 0,000000 0,000000
868 1682700635 1,000000 -1,000000 -101,000000 0,000000 0,000000
868 1682700636 1,000000 -1,000000 -101,000000 0,000000 0,000000
868 1682700637 1,000000 -1,000000 -101,000000 0,000000 0,000000
868 1682700638 1,000000 -1,000000 -101,000000 0,000000 0,000000
868 1682700639 0,400000 -1,000000 -101,000000 0,000000 0,000000
868 1682700640 0,400000 -1,000000 -101,000000 0,000000 0,000000
868 1682700641 0,400000 -1,000000 -101,000000 0,000000 0,000000
868 1682700642 0,400000 -1,000000 -101,000000 0,000000 0,000000
868 1682700643 0,400000 -1,000000 -101,000000 0,000000 0,000000
868 1682700644 0,400000 -1,000000 -101,000000 0,000000 0,000000
868 1682700645 0,400000 -1,000000 -101,000000 0,000000 0,000000
868 1682700646 0,400000 -1,000000 -101,000000 0,000000 0,000000
868 1682700647 0,400000 -1,000000 -101,000000 0,000000 0,000000
868 1682700648 0,400000 -1,000000 -101,000000 0,000000 0,000000
868 1682700649 0,400000 -1,000000 -101,000000 0,000000 0,000000
868 1682700650 0,400000 -1,000000 -101,000000 0,000000 0,000000
868 1682700651 0,400000 -1,000000 -101,000000 0,000000 0,000000
868 1682700652 0,400000 -1,000000 -101,000000 0,000000 0,000000
868 1682700653 0,400000 -1,000000 -101,000000 0,000000 0,000000
868 1682700654 0,400000 -1,000000 -101,000000 0,000000 0,000000
868 1682700655 0,400000 -1,000000 -101,000000 0,000000 0,000000
868 1682700656 0,400000 -1,000000 -101,000000 0,000000 0,000000
868 1682700657 0,400000 -1,000000 -101,000000 0,000000 0,000000
868 1682700658 0,400000 -1,000000 -101,000000 0,000000 0,000000
868 1682700659 0,400000 -1,000000 -101,000000 0,000000 0,000000
868 1682700660 0,400000 -1,000000 -101,000000 0,000000 0,000000
868 1682700661 0,400000 -1,000000 -101,000000 0,000000 0,000000
868 1682700662 0,400000 -1,000000 -101,000000 0,000000 0,000000
868 1682700663 0,400000 -1,000000 -101,000000 0,000000 0,000000
868 1682700664 0,600000 -1,000000 -101,000000 0,000000 0,000000
868 1682700665 0,600000 -1,000000 -101,000000 0,000000 0,000000
868 1682700666 0,600000 -1,000000 -101,000000 0,000000 0,000000
868 1682700667 0,600000 -1,000000 -101,000000 0,000000 0,000000
868 1682700668 0,600000 -1,000000 -101,000000 0,000000 0,000000
868 1682700669 0,800000 -1,000000 -101,000000 0,000000 0,000000
868 1682700670 0,800000 -1,000000 -101,000000 0,000000 0,000000
868 1682700671 0,800000 -1,000000 -101,000000 0,000000 0,000000
868 1682700672 0,800000 -1,000000 -101,000000 0,000000 0,000000
868 1682700673 0,800000 -1,000000 -101,000000 0,000000 0,000000
868 1682700679 0,400000 -1,000000 -101,000000 0,000000 0,000000
868 1682700680 0,400000 -1,000000 -101,000000 0,000000 0,000000
868 1682700681 0,400000 -1,000000 -101,000000 0,000000 0,000000
868 1682700682 0,400000 -1,000000 -101,000000 0,000000 0,000000
868 1682700683 0,400000 -1,000000 -101,000000 0,000000 0,000000
868 1682700689 0,800000 -1,000000 -101,000000 0,000000 0,000000
868 1682700690 0,800000 -1,000000 -101,000000 0,000000 0,000000
868 1682700691 0,800000 -1,000000 -101,000000 0,000000 0,000000
868 1682700692 0,800000 -1,000000 -101,000000 0,000000 0,000000
868 1682700693 0,800000 -1,000000 -101,000000 0,000000 0,000000
868 1682700694 0,200000 -1,000000 -101,000000 0,000000 0,000000
868 1682700695 0,200000 -1,000000 -101,000000 0,000000 0,000000
868 1682700696 0,200000 -1,000000 -101,000000 0,000000 0,000000
868 1682700697 0,200000 -1,000000 -101,000000 0,000000 0,000000
868 1682700698 0,200000 -1,000000 -101,000000 0,000000 0,000000
868 1682700699 0,200000 -1,000000 -101,000000 0,000000 0,000000
868 1682700700 0,200000 -1,000000 -101,000000 0,000000 0,000000
868 1682700701 0,200000 -1,000000 -101,000000 0,000000 0,000000
868 1682700702 0,200000 -1,000000 -101,000000 0,000000 0,000000
868 1682700703 0,200000 -1,000000 -101,000000 0,000000 0,000000
868 1682700709 0,400000 -1,000000 -101,000000 0,000000 0,000000
868 1682700710 0,400000 -1,000000 -101,000000 0,000000 0,000000
868 1682700711 0,400000 -1,000000 -101,000000 0,000000 0,000000
868 1682700712 0,400000 -1,000000 -101,000000 0,000000 0,000000
868 1682700713 0,400000 -1,000000 -101,000000 0,000000 0,000000
868 1682700714 0,200000 -1,000000 -101,000000 0,000000 0,000000
868 1682700715 0,200000 -1,000000 -101,000000 0,000000 0,000000
868 1682700716 0,200000 -1,000000 -101,000000 0,000000 0,000000
868 1682700717 0,200000 -1,000000 -101,000000 0,000000 0,000000
868 1682700718 0,200000 -1,000000 -101,000000 0,000000 0,000000
868 1682700719 0,200000 -1,000000 -101,000000 0,000000 0,000000
868 1682700720 0,200000 -1,000000 -101,000000 0,000000 0,000000
868 1682700721 0,200000 -1,000000 -101,000000 0,000000 0,000000
868 1682700722 0,200000 -1,000000 -101,000000 0,000000 0,000000
868 1682700723 0,200000 -1,000000 -101,000000 0,000000 0,000000
868 1682700724 0,200000 -1,000000 -101,000000 0,000000 0,000000
868 1682700725 0,200000 -1,000000 -101,000000 0,000000 0,000000
868 1682700726 0,200000 -1,000000 -101,000000 0,000000 0,000000
868 1682700727 0,200000 -1,000000 -101,000000 0,000000 0,000000
868 1682700728 0,200000 -1,000000 -101,000000 0,000000 0,000000
868 1682700729 0,400000 -1,000000 -101,000000 0,000000 0,000000
868 1682700730 0,400000 -1,000000 -101,000000 0,000000 0,000000
868 1682700731 0,400000 -1,000000 -101,000000 0,000000 0,000000
868 1682700732 0,400000 -1,000000 -101,000000 0,000000 0,000000
868 1682700733 0,400000 -1,000000 -101,000000 0,000000 0,000000
868 1682700739 0,800000 -1,000000 -101,000000 0,000000 0,000000
868 1682700740 0,800000 -1,000000 -101,000000 0,000000 0,000000
868 1682700741 0,800000 -1,000000 -101,000000 0,000000 0,000000
868 1682700742 0,800000 -1,000000 -101,000000 0,000000 0,000000
868 1682700743 0,800000 -1,000000 -101,000000 0,000000 0,000000
868 1682700744 0,200000 -1,000000 -101,000000 0,000000 0,000000
868 1682700745 0,200000 -1,000000 -101,000000 0,000000 0,000000
868 1682700746 0,200000 -1,000000 -101,000000 0,000000 0,000000
868 1682700747 0,200000 -1,000000 -101,000000 0,000000 0,000000
868 1682700748 0,200000 -1,000000 -101,000000 0,000000 0,000000
868 1682700754 0,200000 -1,000000 -101,000000 0,000000 0,000000
868 1682700755 0,200000 -1,000000 -101,000000 0,000000 0,000000
868 1682700756 0,200000 -1,000000 -101,000000 0,000000 0,000000
868 1682700757 0,200000 -1,000000 -101,000000 0,000000 0,000000
868 1682700758 0,200000 -1,000000 -101,000000 0,000000 0,000000
868 1682700759 0,600000 -1,000000 -101,000000 0,000000 0,000000
868 1682700760 0,600000 -1,000000 -101,000000 0,000000 0,000000
868 1682700761 0,600000 -1,000000 -101,000000 0,000000 0,000000
868 1682700762 0,600000 -1,000000 -101,000000 0,000000 0,000000
868 1682700763 0,600000 -1,000000 -101,000000 0,000000 0,000000
868 1682700764 0,400000 -1,000000 -101,000000 0,000000 0,000000
868 1682700765 0,400000 -1,000000 -101,000000 0,000000 0,000000
868 1682700766 0,400000 -1,000000 -101,000000 0,000000 0,000000
868 1682700767 0,400000 -1,000000 -101,000000 0,000000 0,000000
868 1682700768 0,400000 -1,000000 -101,000000 0,000000 0,000000
868 1682700769 0,200000 -1,000000 -101,000000 0,000000 0,000000
868 1682700770 0,200000 -1,000000 -101,000000 0,000000 0,000000
868 1682700771 0,200000 -1,000000 -101,000000 0,000000 0,000000
868 1682700772 0,200000 -1,000000 -101,000000 0,000000 0,000000
868 1682700773 0,200000 -1,000000 -101,000000 0,000000 0,000000
868 1682700774 0,600000 -1,000000 -101,000000 0,000000 0,000000
868 1682700775 0,600000 -1,000000 -101,000000 0,000000 0,000000
868 1682700776 0,600000 -1,000000 -101,000000 0,000000 0,000000
868 1682700777 0,600000 -1,000000 -101,000000 0,000000 0,000000
868 1682700778 0,600000 -1,000000 -101,000000 0,000000 0,000000
868 1682700779 0,200000 -1,000000 -101,000000 0,000000 0,000000
868 1682700780 0,200000 -1,000000 -101,000000 0,000000 0,000000
868 1682700781 0,200000 -1,000000 -101,000000 0,000000 0,000000
868 1682700782 0,200000 -1,000000 -101,000000 0,000000 0,000000
868 1682700783 0,200000 -1,000000 -101,000000 0,000000 0,000000
868 1682700784 0,400000 -1,000000 -101,000000 0,000000 0,000000
868 1682700785 0,400000 -1,000000 -101,000000 0,000000 0,000000
868 1682700786 0,400000 -1,000000 -101,000000 0,000000 0,000000
868 1682700787 0,400000 -1,000000 -101,000000 0,000000 0,000000
868 1682700788 0,400000 -1,000000 -101,000000 0,000000 0,000000
868 1682700794 0,200000 -1,000000 -101,000000 0,000000 0,000000
868 1682700795 0,200000 -1,000000 -101,000000 0,000000 0,000000
868 1682700796 0,200000 -1,000000 -101,000000 0,000000 0,000000
868 1682700797 0,200000 -1,000000 -101,000000 0,000000 0,000000
868 1682700798 0,200000 -1,000000 -101,000000 0,000000 0,000000
868 1682700814 0,400000 -1,000000 -101,000000 0,000000 0,000000
868 1682700815 0,400000 -1,000000 -101,000000 0,000000 0,000000
868 1682700816 0,400000 -1,000000 -101,000000 0,000000 0,000000
868 1682700817 0,400000 -1,000000 -101,000000 0,000000 0,000000
868 1682700818 0,400000 -1,000000 -101,000000 0,000000 0,000000
868 1682700819 0,200000 -1,000000 -101,000000 0,000000 0,000000
868 1682700820 0,200000 -1,000000 -101,000000 0,000000 0,000000
868 1682700821 0,200000 -1,000000 -101,000000 0,000000 0,000000
868 1682700822 0,200000 -1,000000 -101,000000 0,000000 0,000000
868 1682700823 0,200000 -1,000000 -101,000000 0,000000 0,000000
868 1682700824 0,400000 -1,000000 -101,000000 0,000000 0,000000
868 1682700825 0,400000 -1,000000 -101,000000 0,000000 0,000000
868 1682700826 0,400000 -1,000000 -101,000000 0,000000 0,000000
868 1682700827 0,400000 -1,000000 -101,000000 0,000000 0,000000
868 1682700828 0,400000 -1,000000 -101,000000 0,000000 0,000000
868 1682700834 0,400000 -1,000000 -101,000000 0,000000 0,000000
868 1682700835 0,400000 -1,000000 -101,000000 0,000000 0,000000
868 1682700836 0,400000 -1,000000 -101,000000 0,000000 0,000000
868 1682700837 0,400000 -1,000000 -101,000000 0,000000 0,000000
868 1682700838 0,400000 -1,000000 -101,000000 0,000000 0,000000
868 1682700839 0,200000 -1,000000 -101,000000 0,000000 0,000000
868 1682700840 0,200000 -1,000000 -101,000000 0,000000 0,000000
868 1682700841 0,200000 -1,000000 -101,000000 0,000000 0,000000
868 1682700842 0,200000 -1,000000 -101,000000 0,000000 0,000000
868 1682700843 0,200000 -1,000000 -101,000000 0,000000 0,000000
868 1682700844 0,400000 -1,000000 -101,000000 0,000000 0,000000
868 1682700845 0,400000 -1,000000 -101,000000 0,000000 0,000000
868 1682700846 0,400000 -1,000000 -101,000000 0,000000 0,000000
868 1682700847 0,400000 -1,000000 -101,000000 0,000000 0,000000
868 1682700848 0,400000 -1,000000 -101,000000 0,000000 0,000000
868 1682700854 0,200000 -1,000000 -101,000000 0,000000 0,000000
868 1682700855 0,200000 -1,000000 -101,000000 0,000000 0,000000
868 1682700856 0,200000 -1,000000 -101,000000 0,000000 0,000000
868 1682700857 0,200000 -1,000000 -101,000000 0,000000 0,000000
868 1682700858 0,200000 -1,000000 -101,000000 0,000000 0,000000
868 1682700859 0,600000 -1,000000 -101,000000 0,000000 0,000000
868 1682700860 0,600000 -1,000000 -101,000000 0,000000 0,000000
868 1682700861 0,600000 -1,000000 -101,000000 0,000000 0,000000
868 1682700862 0,600000 -1,000000 -101,000000 0,000000 0,000000
868 1682700863 0,600000 -1,000000 -101,000000 0,000000 0,000000
868 1682700864 0,200000 -1,000000 -101,000000 0,000000 0,000000
868 1682700865 0,200000 -1,000000 -101,000000 0,000000 0,000000
868 1682700866 0,200000 -1,000000 -101,000000 0,000000 0,000000
868 1682700928 0,200000 -1,000000 0,200000 0,200000 0,000000
868 1682700927 0,200000 -1,000000 0,200000 0,200000 0,000000
868 1682700926 0,200000 -1,000000 0,200000 0,200000 0,000000
868 1682700925 0,200000 -1,000000 0,200000 0,200000 0,000000
868 1682700924 0,200000 -1,000000 0,200000 0,200000 0,000000
868 1682700923 0,200000 -1,000000 0,200000 0,200000 0,000000
868 1682700922 0,200000 -1,000000 0,200000 0,200000 0,000000
868 1682700921 0,200000 -1,000000 0,200000 0,200000 0,000000
868 1682700920 0,200000 -1,000000 0,200000 0,200000 0,000000
868 1682700919 0,200000 -1,000000 0,200000 0,200000 0,000000
868 1682700918 0,400000 -1,000000 0,400000 0,400000 0,000000
868 1682700917 0,400000 -1,000000 0,400000 0,400000 0,000000
868 1682700916 0,400000 -1,000000 0,400000 0,400000 0,000000
868 1682700915 0,400000 -1,000000 0,400000 0,400000 0,000000
868 1682700914 0,400000 -1,000000 0,400000 0,400000 0,000000
868 1682700913 0,200000 -1,000000 0,200000 0,200000 0,000000
868 1682700912 0,200000 -1,000000 0,200000 0,200000 0,000000
868 1682700911 0,200000 -1,000000 0,200000 0,200000 0,000000
868 1682700910 0,200000 -1,000000 0,200000 0,200000 0,000000
868 1682700909 0,200000 -1,000000 0,200000 0,200000 0,000000
868 1682700898 0,200000 -1,000000 0,200000 0,200000 0,000000
868 1682700897 0,200000 -1,000000 0,200000 0,200000 0,000000
868 1682700896 0,200000 -1,000000 0,200000 0,200000 0,000000
868 1682700895 0,200000 -1,000000 0,200000 0,200000 0,000000
868 1682700894 0,200000 -1,000000 0,200000 0,200000 0,000000
868 1682700883 0,200000 -1,000000 0,200000 0,200000 0,000000
868 1682700882 0,200000 -1,000000 0,200000 0,200000 0,000000
868 1682700881 0,200000 -1,000000 0,200000 0,200000 0,000000
868 1682700880 0,200000 -1,000000 0,200000 0,200000 0,000000
868 1682700879 0,200000 -1,000000 0,200000 0,200000 0,000000
868 1682700878 0,200000 -1,000000 0,200000 0,200000 0,000000
868 1682700877 0,200000 -1,000000 0,200000 0,200000 0,000000
868 1682700876 0,200000 -1,000000 0,200000 0,200000 0,000000
868 1682700875 0,200000 -1,000000 0,200000 0,200000 0,000000
868 1682700874 0,200000 -1,000000 0,200000 0,200000 0,000000
868 1682700868 0,200000 -1,000000 0,200000 0,200000 0,000000
868 1682700867 0,200000 -1,000000 0,200000 0,200000 0,000000
868 1682700867 0,200000 -1,000000 -101,000000 0,000000 0,000000
868 1682700868 0,200000 -1,000000 -101,000000 0,000000 0,000000
868 1682700874 0,200000 -1,000000 -101,000000 0,000000 0,000000
868 1682700875 0,200000 -1,000000 -101,000000 0,000000 0,000000
868 1682700876 0,200000 -1,000000 -101,000000 0,000000 0,000000
868 1682700877 0,200000 -1,000000 -101,000000 0,000000 0,000000
868 1682700878 0,200000 -1,000000 -101,000000 0,000000 0,000000
868 1682700879 0,200000 -1,000000 -101,000000 0,000000 0,000000
868 1682700880 0,200000 -1,000000 -101,000000 0,000000 0,000000
868 1682700881 0,200000 -1,000000 -101,000000 0,000000 0,000000
868 1682700882 0,200000 -1,000000 -101,000000 0,000000 0,000000
868 1682700883 0,200000 -1,000000 -101,000000 0,000000 0,000000
868 1682700894 0,200000 -1,000000 -101,000000 0,000000 0,000000
868 1682700895 0,200000 -1,000000 -101,000000 0,000000 0,000000
868 1682700896 0,200000 -1,000000 -101,000000 0,000000 0,000000
868 1682700897 0,200000 -1,000000 -101,000000 0,000000 0,000000
868 1682700898 0,200000 -1,000000 -101,000000 0,000000 0,000000
868 1682700909 0,200000 -1,000000 -101,000000 0,000000 0,000000
868 1682700910 0,200000 -1,000000 -101,000000 0,000000 0,000000
868 1682700911 0,200000 -1,000000 -101,000000 0,000000 0,000000
868 1682700912 0,200000 -1,000000 -101,000000 0,000000 0,000000
868 1682700913 0,200000 -1,000000 -101,000000 0,000000 0,000000
868 1682700914 0,400000 -1,000000 -101,000000 0,000000 0,000000
868 1682700915 0,400000 -1,000000 -101,000000 0,000000 0,000000
868 1682700916 0,400000 -1,000000 -101,000000 0,000000 0,000000
868 1682700917 0,400000 -1,000000 -101,000000 0,000000 0,000000
868 1682700918 0,400000 -1,000000 -101,000000 0,000000 0,000000
868 1682700919 0,200000 -1,000000 -101,000000 0,000000 0,000000
868 1682700920 0,200000 -1,000000 -101,000000 0,000000 0,000000
868 1682700921 0,200000 -1,000000 -101,000000 0,000000 0,000000
868 1682700922 0,200000 -1,000000 -101,000000 0,000000 0,000000
868 1682700923 0,200000 -1,000000 -101,000000 0,000000 0,000000
868 1682700924 0,200000 -1,000000 -101,000000 0,000000 0,000000
868 1682700925 0,200000 -1,000000 -101,000000 0,000000 0,000000
868 1682700926 0,200000 -1,000000 -101,000000 0,000000 0,000000
868 1682700927 0,200000 -1,000000 -101,000000 0,000000 0,000000
868 1682700928 0,200000 -1,000000 -101,000000 0,000000 0,000000
868 1682700934 0,400000 -1,000000 -101,000000 0,000000 0,000000
868 1682700935 0,400000 -1,000000 -101,000000 0,000000 0,000000
868 1682700936 0,400000 -1,000000 -101,000000 0,000000 0,000000
868 1682700937 0,400000 -1,000000 -101,000000 0,000000 0,000000
868 1682700938 0,400000 -1,000000 -101,000000 0,000000 0,000000
868 1682700939 0,800000 -1,000000 -101,000000 0,000000 0,000000
868 1682700940 0,800000 -1,000000 -101,000000 0,000000 0,000000
868 1682700941 0,800000 -1,000000 -101,000000 0,000000 0,000000
868 1682700942 0,800000 -1,000000 -101,000000 0,000000 0,000000
868 1682700943 0,800000 -1,000000 -101,000000 0,000000 0,000000
868 1682700944 0,400000 -1,000000 -101,000000 0,000000 0,000000
868 1682700945 0,400000 -1,000000 -101,000000 0,000000 0,000000
868 1682700946 0,400000 -1,000000 -101,000000 0,000000 0,000000
868 1682700947 0,400000 -1,000000 -101,000000 0,000000 0,000000
868 1682700948 0,400000 -1,000000 -101,000000 0,000000 0,000000
868 1682700954 0,600000 -1,000000 -101,000000 0,000000 0,000000
868 1682700955 0,600000 -1,000000 -101,000000 0,000000 0,000000
868 1682700956 0,600000 -1,000000 -101,000000 0,000000 0,000000
868 1682700957 0,600000 -1,000000 -101,000000 0,000000 0,000000
868 1682700958 0,600000 -1,000000 -101,000000 0,000000 0,000000
868 1682700959 0,600000 -1,000000 -101,000000 0,000000 0,000000
868 1682700960 0,600000 -1,000000 -101,000000 0,000000 0,000000
868 1682700961 0,600000 -1,000000 -101,000000 0,000000 0,000000
868 1682700962 0,600000 -1,000000 -101,000000 0,000000 0,000000
868 1682700963 0,600000 -1,000000 -101,000000 0,000000 0,000000
868 1682700964 0,200000 -1,000000 -101,000000 0,000000 0,000000
868 1682700965 0,200000 -1,000000 -101,000000 0,000000 0,000000
868 1682700966 0,200000 -1,000000 -101,000000 0,000000 0,000000
868 1682700967 0,200000 -1,000000 -101,000000 0,000000 0,000000
868 1682700968 0,200000 -1,000000 -101,000000 0,000000 0,000000
868 1682700969 0,400000 -1,000000 -101,000000 0,000000 0,000000
868 1682700970 0,400000 -1,000000 -101,000000 0,000000 0,000000
868 1682700971 0,400000 -1,000000 -101,000000 0,000000 0,000000
868 1682700972 0,400000 -1,000000 -101,000000 0,000000 0,000000
868 1682700973 0,400000 -1,000000 -101,000000 0,000000 0,000000
868 1682700974 0,400000 -1,000000 -101,000000 0,000000 0,000000
868 1682700975 0,400000 -1,000000 -101,000000 0,000000 0,000000
868 1682700976 0,400000 -1,000000 -101,000000 0,000000 0,000000
868 1682700977 0,400000 -1,000000 -101,000000 0,000000 0,000000
868 1682700978 0,400000 -1,000000 -101,000000 0,000000 0,000000
868 1682700979 0,200000 -1,000000 -101,000000 0,000000 0,000000
868 1682700980 0,200000 -1,000000 -101,000000 0,000000 0,000000
868 1682700981 0,200000 -1,000000 -101,000000 0,000000 0,000000
868 1682700982 0,200000 -1,000000 -101,000000 0,000000 0,000000
868 1682700983 0,200000 -1,000000 -101,000000 0,000000 0,000000
868 1682700984 0,200000 -1,000000 -101,000000 0,000000 0,000000
868 1682700985 0,200000 -1,000000 -101,000000 0,000000 0,000000
868 1682700986 0,200000 -1,000000 -101,000000 0,000000 0,000000
868 1682700987 0,200000 -1,000000 -101,000000 0,000000 0,000000
868 1682700988 0,200000 -1,000000 -101,000000 0,000000 0,000000
868 1682700989 0,400000 -1,000000 -101,000000 0,000000 0,000000
868 1682700990 0,400000 -1,000000 -101,000000 0,000000 0,000000
868 1682700991 0,400000 -1,000000 -101,000000 0,000000 0,000000
868 1682700992 0,400000 -1,000000 -101,000000 0,000000 0,000000
868 1682700993 0,400000 -1,000000 -101,000000 0,000000 0,000000
868 1682700994 0,400000 -1,000000 -101,000000 0,000000 0,000000
868 1682700995 0,400000 -1,000000 -101,000000 0,000000 0,000000
868 1682700996 0,400000 -1,000000 -101,000000 0,000000 0,000000
868 1682700997 0,400000 -1,000000 -101,000000 0,000000 0,000000
868 1682700998 0,400000 -1,000000 -101,000000 0,000000 0,000000
868 1682700999 0,600000 -1,000000 -101,000000 0,000000 0,000000
868 1682701000 0,600000 -1,000000 -101,000000 0,000000 0,000000
868 1682701001 0,600000 -1,000000 -101,000000 0,000000 0,000000
868 1682701002 0,600000 -1,000000 -101,000000 0,000000 0,000000
868 1682701003 0,600000 -1,000000 -101,000000 0,000000 0,000000
868 1682701004 0,200000 -1,000000 -101,000000 0,000000 0,000000
868 1682701005 0,200000 -1,000000 -101,000000 0,000000 0,000000
868 1682701006 0,200000 -1,000000 -101,000000 0,000000 0,000000
868 1682701007 0,200000 -1,000000 -101,000000 0,000000 0,000000
868 1682701008 0,200000 -1,000000 -101,000000 0,000000 0,000000
868 1682701009 0,600000 -1,000000 -101,000000 0,000000 0,000000
868 1682701010 0,600000 -1,000000 -101,000000 0,000000 0,000000
868 1682701011 0,600000 -1,000000 -101,000000 0,000000 0,000000
868 1682701012 0,600000 -1,000000 -101,000000 0,000000 0,000000
868 1682701013 0,600000 -1,000000 -101,000000 0,000000 0,000000
868 1682701014 0,200000 -1,000000 -101,000000 0,000000 0,000000
868 1682701015 0,200000 -1,000000 -101,000000 0,000000 0,000000
868 1682701016 0,200000 -1,000000 -101,000000 0,000000 0,000000
868 1682701017 0,200000 -1,000000 -101,000000 0,000000 0,000000
868 1682701018 0,200000 -1,000000 -101,000000 0,000000 0,000000
868 1682701019 0,400000 -1,000000 -101,000000 0,000000 0,000000
868 1682701020 0,400000 -1,000000 -101,000000 0,000000 0,000000
868 1682701021 0,400000 -1,000000 -101,000000 0,000000 0,000000
868 1682701022 0,400000 -1,000000 -101,000000 0,000000 0,000000
868 1682701023 0,400000 -1,000000 -101,000000 0,000000 0,000000
868 1682701029 0,400000 -1,000000 -101,000000 0,000000 0,000000
868 1682701030 0,400000 -1,000000 -101,000000 0,000000 0,000000
868 1682701031 0,400000 -1,000000 -101,000000 0,000000 0,000000
868 1682701032 0,400000 -1,000000 -101,000000 0,000000 0,000000
868 1682701033 0,400000 -1,000000 -101,000000 0,000000 0,000000
868 1682701034 0,200000 -1,000000 -101,000000 0,000000 0,000000
868 1682701035 0,200000 -1,000000 -101,000000 0,000000 0,000000
868 1682701036 0,200000 -1,000000 -101,000000 0,000000 0,000000
868 1682701037 0,200000 -1,000000 -101,000000 0,000000 0,000000
868 1682701038 0,200000 -1,000000 -101,000000 0,000000 0,000000
868 1682701039 0,800000 -1,000000 -101,000000 0,000000 0,000000
868 1682701040 0,800000 -1,000000 -101,000000 0,000000 0,000000
868 1682701041 0,800000 -1,000000 -101,000000 0,000000 0,000000
868 1682701042 0,800000 -1,000000 -101,000000 0,000000 0,000000
868 1682701043 0,800000 -1,000000 -101,000000 0,000000 0,000000
868 1682701049 0,400000 -1,000000 -101,000000 0,000000 0,000000
868 1682701050 0,400000 -1,000000 -101,000000 0,000000 0,000000
868 1682701051 0,400000 -1,000000 -101,000000 0,000000 0,000000
868 1682701052 0,400000 -1,000000 -101,000000 0,000000 0,000000
868 1682701053 0,400000 -1,000000 -101,000000 0,000000 0,000000
868 1682701054 0,400000 -1,000000 -101,000000 0,000000 0,000000
868 1682701055 0,400000 -1,000000 -101,000000 0,000000 0,000000
868 1682701056 0,400000 -1,000000 -101,000000 0,000000 0,000000
868 1682701057 0,400000 -1,000000 -101,000000 0,000000 0,000000
868 1682701058 0,400000 -1,000000 -101,000000 0,000000 0,000000
868 1682701064 0,200000 -1,000000 -101,000000 0,000000 0,000000
868 1682701065 0,200000 -1,000000 -101,000000 0,000000 0,000000
868 1682701066 0,200000 -1,000000 -101,000000 0,000000 0,000000
868 1682701067 0,200000 -1,000000 -101,000000 0,000000 0,000000
868 1682701068 0,200000 -1,000000 -101,000000 0,000000 0,000000
868 1682701069 0,200000 -1,000000 -101,000000 0,000000 0,000000
868 1682701070 0,200000 -1,000000 -101,000000 0,000000 0,000000
868 1682701071 0,200000 -1,000000 -101,000000 0,000000 0,000000
868 1682701072 0,200000 -1,000000 -101,000000 0,000000 0,000000
868 1682701073 0,200000 -1,000000 -101,000000 0,000000 0,000000
868 1682701074 0,400000 -1,000000 -101,000000 0,000000 0,000000
868 1682701075 0,400000 -1,000000 -101,000000 0,000000 0,000000
868 1682701076 0,400000 -1,000000 -101,000000 0,000000 0,000000
868 1682701077 0,400000 -1,000000 -101,000000 0,000000 0,000000
868 1682701078 0,400000 -1,000000 -101,000000 0,000000 0,000000
868 1682701079 0,400000 -1,000000 -101,000000 0,000000 0,000000
868 1682701080 0,400000 -1,000000 -101,000000 0,000000 0,000000
868 1682701081 0,400000 -1,000000 -101,000000 0,000000 0,000000
868 1682701082 0,400000 -1,000000 -101,000000 0,000000 0,000000
868 1682701083 0,400000 -1,000000 -101,000000 0,000000 0,000000
868 1682701084 0,200000 -1,000000 -101,000000 0,000000 0,000000
868 1682701085 0,200000 -1,000000 -101,000000 0,000000 0,000000
868 1682701086 0,200000 -1,000000 -101,000000 0,000000 0,000000
868 1682701087 0,200000 -1,000000 -101,000000 0,000000 0,000000
868 1682701088 0,200000 -1,000000 -101,000000 0,000000 0,000000
868 1682701089 0,400000 -1,000000 -101,000000 0,000000 0,000000
868 1682701090 0,400000 -1,000000 -101,000000 0,000000 0,000000
868 1682701091 0,400000 -1,000000 -101,000000 0,000000 0,000000
868 1682701092 0,400000 -1,000000 -101,000000 0,000000 0,000000
868 1682701093 0,400000 -1,000000 -101,000000 0,000000 0,000000
868 1682701094 0,400000 -1,000000 -101,000000 0,000000 0,000000
868 1682701095 0,400000 -1,000000 -101,000000 0,000000 0,000000
868 1682701096 0,400000 -1,000000 -101,000000 0,000000 0,000000
868 1682701097 0,400000 -1,000000 -101,000000 0,000000 0,000000
868 1682701098 0,400000 -1,000000 -101,000000 0,000000 0,000000
868 1682701099 0,400000 -1,000000 -101,000000 0,000000 0,000000
868 1682701100 0,400000 -1,000000 -101,000000 0,000000 0,000000
868 1682701101 0,400000 -1,000000 -101,000000 0,000000 0,000000
868 1682701102 0,400000 -1,000000 -101,000000 0,000000 0,000000
868 1682701103 0,400000 -1,000000 -101,000000 0,000000 0,000000
868 1682701104 0,400000 -1,000000 -101,000000 0,000000 0,000000
868 1682701105 0,400000 -1,000000 -101,000000 0,000000 0,000000
868 1682701106 0,400000 -1,000000 -101,000000 0,000000 0,000000
868 1682701107 0,400000 -1,000000 -101,000000 0,000000 0,000000
868 1682701108 0,400000 -1,000000 -101,000000 0,000000 0,000000
868 1682701109 0,200000 -1,000000 -101,000000 0,000000 0,000000
868 1682701110 0,200000 -1,000000 -101,000000 0,000000 0,000000
868 1682701111 0,200000 -1,000000 -101,000000 0,000000 0,000000
868 1682701112 0,200000 -1,000000 -101,000000 0,000000 0,000000
868 1682701113 0,200000 -1,000000 -101,000000 0,000000 0,000000
868 1682701114 0,600000 -1,000000 -101,000000 0,000000 0,000000
868 1682701115 0,600000 -1,000000 -101,000000 0,000000 0,000000
868 1682701116 0,600000 -1,000000 -101,000000 0,000000 0,000000
868 1682701117 0,600000 -1,000000 -101,000000 0,000000 0,000000
868 1682701118 0,600000 -1,000000 -101,000000 0,000000 0,000000
868 1682701119 0,600000 -1,000000 -101,000000 0,000000 0,000000
868 1682701120 0,600000 -1,000000 -101,000000 0,000000 0,000000
868 1682701121 0,600000 -1,000000 -101,000000 0,000000 0,000000
868 1682701122 0,600000 -1,000000 -101,000000 0,000000 0,000000
868 1682701123 0,600000 -1,000000 -101,000000 0,000000 0,000000
868 1682701124 0,400000 -1,000000 -101,000000 0,000000 0,000000
868 1682701125 0,400000 -1,000000 -101,000000 0,000000 0,000000
868 1682701126 0,400000 -1,000000 -101,000000 0,000000 0,000000
868 1682701127 0,400000 -1,000000 -101,000000 0,000000 0,000000
868 1682701128 0,400000 -1,000000 -101,000000 0,000000 0,000000
868 1682701129 0,200000 -1,000000 -101,000000 0,000000 0,000000
868 1682701130 0,200000 -1,000000 -101,000000 0,000000 0,000000
868 1682701131 0,200000 -1,000000 -101,000000 0,000000 0,000000
868 1682701132 0,200000 -1,000000 -101,000000 0,000000 0,000000
868 1682701133 0,200000 -1,000000 -101,000000 0,000000 0,000000
868 1682701139 0,400000 -1,000000 -101,000000 0,000000 0,000000
868 1682701140 0,400000 -1,000000 -101,000000 0,000000 0,000000
868 1682701141 0,400000 -1,000000 -101,000000 0,000000 0,000000
868 1682701142 0,400000 -1,000000 -101,000000 0,000000 0,000000
868 1682701143 0,400000 -1,000000 -101,000000 0,000000 0,000000
868 1682701144 0,800000 -1,000000 -101,000000 0,000000 0,000000
868 1682701145 0,800000 -1,000000 -101,000000 0,000000 0,000000
868 1682701146 0,800000 -1,000000 -101,000000 0,000000 0,000000
868 1682701147 0,800000 -1,000000 -101,000000 0,000000 0,000000
868 1682701148 0,800000 -1,000000 -101,000000 0,000000 0,000000
868 1682701149 0,800000 -1,000000 -101,000000 0,000000 0,000000
868 1682701150 0,800000 -1,000000 -101,000000 0,000000 0,000000
868 1682701151 0,800000 -1,000000 -101,000000 0,000000 0,000000
868 1682701152 0,800000 -1,000000 -101,000000 0,000000 0,000000
868 1682701153 0,800000 -1,000000 -101,000000 0,000000 0,000000
868 1682701154 0,200000 -1,000000 -101,000000 0,000000 0,000000
868 1682701155 0,200000 -1,000000 -101,000000 0,000000 0,000000
868 1682701156 0,200000 -1,000000 -101,000000 0,000000 0,000000
868 1682701157 0,200000 -1,000000 -101,000000 0,000000 0,000000
868 1682701158 0,200000 -1,000000 -101,000000 0,000000 0,000000
868 1682701164 0,400000 -1,000000 -101,000000 0,000000 0,000000
868 1682701165 0,400000 -1,000000 -101,000000 0,000000 0,000000
868 1682701166 0,400000 -1,000000 -101,000000 0,000000 0,000000
868 1682701167 0,400000 -1,000000 -101,000000 0,000000 0,000000
868 1682701168 0,400000 -1,000000 -101,000000 0,000000 0,000000
868 1682701169 1,000000 -1,000000 -101,000000 0,000000 0,000000
868 1682701170 1,000000 -1,000000 -101,000000 0,000000 0,000000
868 1682701171 1,000000 -1,000000 -101,000000 0,000000 0,000000
868 1682701172 1,000000 -1,000000 -101,000000 0,000000 0,000000
868 1682701173 1,000000 -1,000000 -101,000000 0,000000 0,000000
868 1682701174 0,400000 -1,000000 -101,000000 0,000000 0,000000
868 1682701175 0,400000 -1,000000 -101,000000 0,000000 0,000000
868 1682701176 0,400000 -1,000000 -101,000000 0,000000 0,000000
868 1682701177 0,400000 -1,000000 -101,000000 0,000000 0,000000
868 1682701178 0,400000 -1,000000 -101,000000 0,000000 0,000000
868 1682701179 1,000000 -1,000000 -101,000000 0,000000 0,000000
868 1682701180 1,000000 -1,000000 -101,000000 0,000000 0,000000
868 1682701181 1,000000 -1,000000 -101,000000 0,000000 0,000000
868 1682701182 1,000000 -1,000000 -101,000000 0,000000 0,000000
868 1682701183 1,000000 -1,000000 -101,000000 0,000000 0,000000
868 1682701184 0,600000 -1,000000 -101,000000 0,000000 0,000000
868 1682701185 0,600000 -1,000000 -101,000000 0,000000 0,000000
868 1682701186 0,600000 -1,000000 -101,000000 0,000000 0,000000
868 1682701187 0,600000 -1,000000 -101,000000 0,000000 0,000000
868 1682701188 0,600000 -1,000000 -101,000000 0,000000 0,000000
868 1682701189 0,400000 -1,000000 -101,000000 0,000000 0,000000
868 1682701190 0,400000 -1,000000 -101,000000 0,000000 0,000000
868 1682701191 0,400000 -1,000000 -101,000000 0,000000 0,000000
868 1682701192 0,400000 -1,000000 -101,000000 0,000000 0,000000
868 1682701193 0,400000 -1,000000 -101,000000 0,000000 0,000000
868 1682701194 0,200000 -1,000000 -101,000000 0,000000 0,000000
868 1682701195 0,200000 -1,000000 -101,000000 0,000000 0,000000
868 1682701196 0,200000 -1,000000 -101,000000 0,000000 0,000000
868 1682701197 0,200000 -1,000000 -101,000000 0,000000 0,000000
868 1682701198 0,200000 -1,000000 -101,000000 0,000000 0,000000
868 1682701199 0,600000 -1,000000 -101,000000 0,000000 0,000000
868 1682701200 0,600000 -1,000000 -101,000000 0,000000 0,000000
868 1682701201 0,600000 -1,000000 -101,000000 0,000000 0,000000
868 1682701202 0,600000 -1,000000 -101,000000 0,000000 0,000000
868 1682701203 0,600000 -1,000000 -101,000000 0,000000 0,000000
868 1682701204 0,400000 -1,000000 -101,000000 0,000000 0,000000
868 1682701205 0,400000 -1,000000 -101,000000 0,000000 0,000000
868 1682701206 0,400000 -1,000000 -101,000000 0,000000 0,000000
868 1682701207 0,400000 -1,000000 -101,000000 0,000000 0,000000
868 1682701208 0,400000 -1,000000 -101,000000 0,000000 0,000000
868 1682701209 0,200000 -1,000000 -101,000000 0,000000 0,000000
868 1682701210 0,200000 -1,000000 -101,000000 0,000000 0,000000
868 1682701211 0,200000 -1,000000 -101,000000 0,000000 0,000000
868 1682701212 0,200000 -1,000000 -101,000000 0,000000 0,000000
868 1682701213 0,200000 -1,000000 -101,000000 0,000000 0,000000
868 1682701214 0,600000 -1,000000 -101,000000 0,000000 0,000000
868 1682701215 0,600000 -1,000000 -101,000000 0,000000 0,000000
868 1682701216 0,600000 -1,000000 -101,000000 0,000000 0,000000
868 1682701217 0,600000 -1,000000 -101,000000 0,000000 0,000000
868 1682701218 0,600000 -1,000000 -101,000000 0,000000 0,000000
868 1682701219 0,400000 -1,000000 -101,000000 0,000000 0,000000
868 1682701220 0,400000 -1,000000 -101,000000 0,000000 0,000000
868 1682701221 0,400000 -1,000000 -101,000000 0,000000 0,000000
868 1682701222 0,400000 -1,000000 -101,000000 0,000000 0,000000
868 1682701223 0,400000 -1,000000 -101,000000 0,000000 0,000000
868 1682701224 0,600000 -1,000000 -101,000000 0,000000 0,000000
868 1682701225 0,600000 -1,000000 -101,000000 0,000000 0,000000
868 1682701226 0,600000 -1,000000 -101,000000 0,000000 0,000000
868 1682701227 0,600000 -1,000000 -101,000000 0,000000 0,000000
868 1682701228 0,600000 -1,000000 -101,000000 0,000000 0,000000
868 1682701229 0,800000 -1,000000 -101,000000 0,000000 0,000000
868 1682701230 0,800000 -1,000000 -101,000000 0,000000 0,000000
868 1682701231 0,800000 -1,000000 -101,000000 0,000000 0,000000
868 1682701232 0,800000 -1,000000 -101,000000 0,000000 0,000000
868 1682701233 0,800000 -1,000000 -101,000000 0,000000 0,000000
868 1682701234 0,600000 -1,000000 -101,000000 0,000000 0,000000
868 1682701235 0,600000 -1,000000 -101,000000 0,000000 0,000000
868 1682701236 0,600000 -1,000000 -101,000000 0,000000 0,000000
868 1682701237 0,600000 -1,000000 -101,000000 0,000000 0,000000
868 1682701238 0,600000 -1,000000 -101,000000 0,000000 0,000000
868 1682701244 0,800000 -1,000000 -101,000000 0,000000 0,000000
868 1682701245 0,800000 -1,000000 -101,000000 0,000000 0,000000
868 1682701246 0,800000 -1,000000 -101,000000 0,000000 0,000000
868 1682701247 0,800000 -1,000000 -101,000000 0,000000 0,000000
868 1682701248 0,800000 -1,000000 -101,000000 0,000000 0,000000
868 1682701249 1,000000 -1,000000 -101,000000 0,000000 0,000000
868 1682701250 1,000000 -1,000000 -101,000000 0,000000 0,000000
868 1682701251 1,000000 -1,000000 -101,000000 0,000000 0,000000
868 1682701252 1,000000 -1,000000 -101,000000 0,000000 0,000000
868 1682701253 1,000000 -1,000000 -101,000000 0,000000 0,000000
868 1682701254 0,600000 -1,000000 -101,000000 0,000000 0,000000
868 1682701255 0,600000 -1,000000 -101,000000 0,000000 0,000000
868 1682701256 0,600000 -1,000000 -101,000000 0,000000 0,000000
868 1682701257 0,600000 -1,000000 -101,000000 0,000000 0,000000
868 1682701258 0,600000 -1,000000 -101,000000 0,000000 0,000000
868 1682701259 1,000000 -1,000000 -101,000000 0,000000 0,000000
868 1682701260 1,000000 -1,000000 -101,000000 0,000000 0,000000
868 1682701261 1,000000 -1,000000 -101,000000 0,000000 0,000000
868 1682701262 1,000000 -1,000000 -101,000000 0,000000 0,000000
868 1682701263 1,000000 -1,000000 -101,000000 0,000000 0,000000
868 1682701264 0,400000 -1,000000 -101,000000 0,000000 0,000000
868 1682701265 0,400000 -1,000000 -101,000000 0,000000 0,000000
868 1682701266 0,400000 -1,000000 -101,000000 0,000000 0,000000
868 1682701267 0,400000 -1,000000 -101,000000 0,000000 0,000000
868 1682701268 0,400000 -1,000000 -101,000000 0,000000 0,000000
868 1682701269 0,200000 -1,000000 -101,000000 0,000000 0,000000
868 1682701270 0,200000 -1,000000 -101,000000 0,000000 0,000000
868 1682701271 0,200000 -1,000000 -101,000000 0,000000 0,000000
868 1682701272 0,200000 -1,000000 -101,000000 0,000000 0,000000
868 1682701273 0,200000 -1,000000 -101,000000 0,000000 0,000000
868 1682701274 0,600000 -1,000000 -101,000000 0,000000 0,000000
868 1682701275 0,600000 -1,000000 -101,000000 0,000000 0,000000
868 1682701276 0,600000 -1,000000 -101,000000 0,000000 0,000000
868 1682701277 0,600000 -1,000000 -101,000000 0,000000 0,000000
868 1682701278 0,600000 -1,000000 -101,000000 0,000000 0,000000
868 1682701279 0,400000 -1,000000 -101,000000 0,000000 0,000000
868 1682701280 0,400000 -1,000000 -101,000000 0,000000 0,000000
868 1682701281 0,400000 -1,000000 -101,000000 0,000000 0,000000
868 1682701282 0,400000 -1,000000 -101,000000 0,000000 0,000000
868 1682701283 0,400000 -1,000000 -101,000000 0,000000 0,000000
868 1682701289 0,200000 -1,000000 -101,000000 0,000000 0,000000
868 1682701290 0,200000 -1,000000 -101,000000 0,000000 0,000000
868 1682701291 0,200000 -1,000000 -101,000000 0,000000 0,000000
868 1682701292 0,200000 -1,000000 -101,000000 0,000000 0,000000
868 1682701293 0,200000 -1,000000 -101,000000 0,000000 0,000000
868 1682701294 1,000000 -1,000000 -101,000000 0,000000 0,000000
868 1682701295 1,000000 -1,000000 -101,000000 0,000000 0,000000
868 1682701296 1,000000 -1,000000 -101,000000 0,000000 0,000000
868 1682701297 1,000000 -1,000000 -101,000000 0,000000 0,000000
868 1682701298 1,000000 -1,000000 -101,000000 0,000000 0,000000
868 1682701304 0,200000 -1,000000 -101,000000 0,000000 0,000000
868 1682701305 0,200000 -1,000000 -101,000000 0,000000 0,000000
868 1682701306 0,200000 -1,000000 -101,000000 0,000000 0,000000
868 1682701307 0,200000 -1,000000 -101,000000 0,000000 0,000000
868 1682701308 0,200000 -1,000000 -101,000000 0,000000 0,000000
868 1682701309 0,200000 -1,000000 -101,000000 0,000000 0,000000
868 1682701310 0,200000 -1,000000 -101,000000 0,000000 0,000000
868 1682701311 0,200000 -1,000000 -101,000000 0,000000 0,000000
868 1682701312 0,200000 -1,000000 -101,000000 0,000000 0,000000
868 1682701313 0,200000 -1,000000 -101,000000 0,000000 0,000000
868 1682701314 0,200000 -1,000000 -101,000000 0,000000 0,000000
868 1682701315 0,200000 -1,000000 -101,000000 0,000000 0,000000
868 1682701316 0,200000 -1,000000 -101,000000 0,000000 0,000000
868 1682701317 0,200000 -1,000000 -101,000000 0,000000 0,000000
868 1682701318 0,200000 -1,000000 -101,000000 0,000000 0,000000
868 1682701324 0,800000 -1,000000 -101,000000 0,000000 0,000000
868 1682701325 0,800000 -1,000000 -101,000000 0,000000 0,000000
868 1682701326 0,800000 -1,000000 -101,000000 0,000000 0,000000
868 1682701327 0,800000 -1,000000 -101,000000 0,000000 0,000000
868 1682701328 0,800000 -1,000000 -101,000000 0,000000 0,000000
868 1682701329 0,200000 -1,000000 -101,000000 0,000000 0,000000
868 1682701330 0,200000 -1,000000 -101,000000 0,000000 0,000000
868 1682701331 0,200000 -1,000000 -101,000000 0,000000 0,000000
868 1682701332 0,200000 -1,000000 -101,000000 0,000000 0,000000
868 1682701333 0,200000 -1,000000 -101,000000 0,000000 0,000000
868 1682701334 0,400000 -1,000000 -101,000000 0,000000 0,000000
868 1682701335 0,400000 -1,000000 -101,000000 0,000000 0,000000
868 1682701336 0,400000 -1,000000 -101,000000 0,000000 0,000000
868 1682701337 0,400000 -1,000000 -101,000000 0,000000 0,000000
868 1682701338 0,400000 -1,000000 -101,000000 0,000000 0,000000
868 1682701339 0,800000 -1,000000 -101,000000 0,000000 0,000000
868 1682701340 0,800000 -1,000000 -101,000000 0,000000 0,000000
868 1682701341 0,800000 -1,000000 -101,000000 0,000000 0,000000
868 1682701342 0,800000 -1,000000 -101,000000 0,000000 0,000000
868 1682701343 0,800000 -1,000000 -101,000000 0,000000 0,000000
868 1682701349 0,600000 -1,000000 -101,000000 0,000000 0,000000
868 1682701350 0,600000 -1,000000 -101,000000 0,000000 0,000000
868 1682701351 0,600000 -1,000000 -101,000000 0,000000 0,000000
868 1682701352 0,600000 -1,000000 -101,000000 0,000000 0,000000
868 1682701353 0,600000 -1,000000 -101,000000 0,000000 0,000000
868 1682701354 0,400000 -1,000000 -101,000000 0,000000 0,000000
868 1682701355 0,400000 -1,000000 -101,000000 0,000000 0,000000
868 1682701356 0,400000 -1,000000 -101,000000 0,000000 0,000000
868 1682701357 0,400000 -1,000000 -101,000000 0,000000 0,000000
868 1682701358 0,400000 -1,000000 -101,000000 0,000000 0,000000
868 1682701359 0,400000 -1,000000 -101,000000 0,000000 0,000000
868 1682701360 0,400000 -1,000000 -101,000000 0,000000 0,000000
868 1682701361 0,400000 -1,000000 -101,000000 0,000000 0,000000
868 1682701362 0,400000 -1,000000 -101,000000 0,000000 0,000000
868 1682701363 0,400000 -1,000000 -101,000000 0,000000 0,000000
868 1682701369 0,400000 -1,000000 -101,000000 0,000000 0,000000
868 1682701370 0,400000 -1,000000 -101,000000 0,000000 0,000000
868 1682701371 0,400000 -1,000000 -101,000000 0,000000 0,000000
868 1682701372 0,400000 -1,000000 -101,000000 0,000000 0,000000
868 1682701373 0,400000 -1,000000 -101,000000 0,000000 0,000000
868 1682701374 0,800000 -1,000000 -101,000000 0,000000 0,000000
868 1682701375 0,800000 -1,000000 -101,000000 0,000000 0,000000
868 1682701376 0,800000 -1,000000 -101,000000 0,000000 0,000000
868 1682701377 0,800000 -1,000000 -101,000000 0,000000 0,000000
868 1682701378 0,800000 -1,000000 -101,000000 0,000000 0,000000
868 1682701379 0,200000 -1,000000 -101,000000 0,000000 0,000000
868 1682701380 0,200000 -1,000000 -101,000000 0,000000 0,000000
868 1682701381 0,200000 -1,000000 -101,000000 0,000000 0,000000
868 1682701382 0,200000 -1,000000 -101,000000 0,000000 0,000000
868 1682701383 0,200000 -1,000000 -101,000000 0,000000 0,000000
868 1682701384 0,200000 -1,000000 -101,000000 0,000000 0,000000
868 1682701385 0,200000 -1,000000 -101,000000 0,000000 0,000000
868 1682701386 0,200000 -1,000000 -101,000000 0,000000 0,000000
868 1682701387 0,200000 -1,000000 -101,000000 0,000000 0,000000
868 1682701388 0,200000 -1,000000 -101,000000 0,000000 0,000000
868 1682701389 0,400000 -1,000000 -101,000000 0,000000 0,000000
868 1682701390 0,400000 -1,000000 -101,000000 0,000000 0,000000
868 1682701391 0,400000 -1,000000 -101,000000 0,000000 0,000000
868 1682701392 0,400000 -1,000000 -101,000000 0,000000 0,000000
868 1682701393 0,400000 -1,000000 -101,000000 0,000000 0,000000
868 1682701394 1,200000 -1,000000 -101,000000 0,000000 0,000000
868 1682701395 1,200000 -1,000000 -101,000000 0,000000 0,000000
868 1682701396 1,200000 -1,000000 -101,000000 0,000000 0,000000
868 1682701397 1,200000 -1,000000 -101,000000 0,000000 0,000000
868 1682701398 1,200000 -1,000000 -101,000000 0,000000 0,000000
868 1682701399 0,400000 -1,000000 -101,000000 0,000000 0,000000
868 1682701400 0,400000 -1,000000 -101,000000 0,000000 0,000000
868 1682701401 0,400000 -1,000000 -101,000000 0,000000 0,000000
868 1682701402 0,400000 -1,000000 -101,000000 0,000000 0,000000
868 1682701403 0,400000 -1,000000 -101,000000 0,000000 0,000000
868 1682701409 0,400000 -1,000000 -101,000000 0,000000 0,000000
868 1682701410 0,400000 -1,000000 -101,000000 0,000000 0,000000
868 1682701411 0,400000 -1,000000 -101,000000 0,000000 0,000000
868 1682701412 0,400000 -1,000000 -101,000000 0,000000 0,000000
868 1682701413 0,400000 -1,000000 -101,000000 0,000000 0,000000
868 1682701414 0,600000 -1,000000 -101,000000 0,000000 0,000000
868 1682701415 0,600000 -1,000000 -101,000000 0,000000 0,000000
868 1682701416 0,600000 -1,000000 -101,000000 0,000000 0,000000
868 1682701417 0,600000 -1,000000 -101,000000 0,000000 0,000000
868 1682701418 0,600000 -1,000000 -101,000000 0,000000 0,000000
868 1682701419 0,400000 -1,000000 -101,000000 0,000000 0,000000
868 1682701420 0,400000 -1,000000 -101,000000 0,000000 0,000000
868 1682701421 0,400000 -1,000000 -101,000000 0,000000 0,000000
868 1682701422 0,400000 -1,000000 -101,000000 0,000000 0,000000
868 1682701423 0,400000 -1,000000 -101,000000 0,000000 0,000000
868 1682701424 0,200000 -1,000000 -101,000000 0,000000 0,000000
868 1682701425 0,200000 -1,000000 -101,000000 0,000000 0,000000
868 1682701426 0,200000 -1,000000 -101,000000 0,000000 0,000000
868 1682701427 0,200000 -1,000000 -101,000000 0,000000 0,000000
868 1682701428 0,200000 -1,000000 -101,000000 0,000000 0,000000
868 1682701429 0,600000 -1,000000 -101,000000 0,000000 0,000000
868 1682701430 0,600000 -1,000000 -101,000000 0,000000 0,000000
868 1682701431 0,600000 -1,000000 -101,000000 0,000000 0,000000
868 1682701432 0,600000 -1,000000 -101,000000 0,000000 0,000000
868 1682701433 0,600000 -1,000000 -101,000000 0,000000 0,000000
868 1682701434 0,800000 -1,000000 -101,000000 0,000000 0,000000
868 1682701435 0,800000 -1,000000 -101,000000 0,000000 0,000000
868 1682701436 0,800000 -1,000000 -101,000000 0,000000 0,000000
868 1682701437 0,800000 -1,000000 -101,000000 0,000000 0,000000
868 1682701438 0,800000 -1,000000 -101,000000 0,000000 0,000000
868 1682701439 0,600000 -1,000000 -101,000000 0,000000 0,000000
868 1682701440 0,600000 -1,000000 -101,000000 0,000000 0,000000
868 1682701441 0,600000 -1,000000 -101,000000 0,000000 0,000000
868 1682701442 0,600000 -1,000000 -101,000000 0,000000 0,000000
868 1682701443 0,600000 -1,000000 -101,000000 0,000000 0,000000
868 1682701444 0,400000 -1,000000 -101,000000 0,000000 0,000000
868 1682701445 0,400000 -1,000000 -101,000000 0,000000 0,000000
868 1682701446 0,400000 -1,000000 -101,000000 0,000000 0,000000
868 1682701447 0,400000 -1,000000 -101,000000 0,000000 0,000000
868 1682701448 0,400000 -1,000000 -101,000000 0,000000 0,000000
868 1682701449 0,600000 -1,000000 -101,000000 0,000000 0,000000
868 1682701450 0,600000 -1,000000 -101,000000 0,000000 0,000000
868 1682701451 0,600000 -1,000000 -101,000000 0,000000 0,000000
868 1682701452 0,600000 -1,000000 -101,000000 0,000000 0,000000
868 1682701453 0,600000 -1,000000 -101,000000 0,000000 0,000000
868 1682701454 1,000000 -1,000000 -101,000000 0,000000 0,000000
868 1682701455 1,000000 -1,000000 -101,000000 0,000000 0,000000
868 1682701456 1,000000 -1,000000 -101,000000 0,000000 0,000000
868 1682701457 1,000000 -1,000000 -101,000000 0,000000 0,000000
868 1682701458 1,000000 -1,000000 -101,000000 0,000000 0,000000
868 1682701459 1,000000 -1,000000 -101,000000 0,000000 0,000000
868 1682701460 1,000000 -1,000000 -101,000000 0,000000 0,000000
868 1682701461 1,000000 -1,000000 -101,000000 0,000000 0,000000
868 1682701462 1,000000 -1,000000 -101,000000 0,000000 0,000000
868 1682701463 1,000000 -1,000000 -101,000000 0,000000 0,000000
868 1682701464 0,200000 -1,000000 -101,000000 0,000000 0,000000
868 1682701465 0,200000 -1,000000 -101,000000 0,000000 0,000000
868 1682701466 0,200000 -1,000000 -101,000000 0,000000 0,000000
868 1682701467 0,200000 -1,000000 -101,000000 0,000000 0,000000
868 1682701468 0,200000 -1,000000 -101,000000 0,000000 0,000000
868 1682701469 0,400000 -1,000000 -101,000000 0,000000 0,000000
868 1682701470 0,400000 -1,000000 -101,000000 0,000000 0,000000
868 1682701471 0,400000 -1,000000 -101,000000 0,000000 0,000000
868 1682701472 0,400000 -1,000000 -101,000000 0,000000 0,000000
868 1682701473 0,400000 -1,000000 -101,000000 0,000000 0,000000
868 1682701474 0,600000 -1,000000 -101,000000 0,000000 0,000000
868 1682701475 0,600000 -1,000000 -101,000000 0,000000 0,000000
868 1682701476 0,600000 -1,000000 -101,000000 0,000000 0,000000
868 1682701477 0,600000 -1,000000 -101,000000 0,000000 0,000000
868 1682701478 0,600000 -1,000000 -101,000000 0,000000 0,000000
868 1682701484 0,200000 -1,000000 -101,000000 0,000000 0,000000
868 1682701485 0,200000 -1,000000 -101,000000 0,000000 0,000000
868 1682701486 0,200000 -1,000000 -101,000000 0,000000 0,000000
868 1682701487 0,200000 -1,000000 -101,000000 0,000000 0,000000
868 1682701488 0,200000 -1,000000 -101,000000 0,000000 0,000000
868 1682701494 0,200000 -1,000000 -101,000000 0,000000 0,000000
868 1682701495 0,200000 -1,000000 -101,000000 0,000000 0,000000
868 1682701496 0,200000 -1,000000 -101,000000 0,000000 0,000000
868 1682701497 0,200000 -1,000000 -101,000000 0,000000 0,000000
868 1682701498 0,200000 -1,000000 -101,000000 0,000000 0,000000
868 1682701499 0,200000 -1,000000 -101,000000 0,000000 0,000000
868 1682701500 0,200000 -1,000000 -101,000000 0,000000 0,000000
868 1682701501 0,200000 -1,000000 -101,000000 0,000000 0,000000
868 1682701502 0,200000 -1,000000 -101,000000 0,000000 0,000000
868 1682701503 0,200000 -1,000000 -101,000000 0,000000 0,000000
868 1682701504 0,200000 -1,000000 -101,000000 0,000000 0,000000
868 1682701505 0,200000 -1,000000 -101,000000 0,000000 0,000000
868 1682701506 0,200000 -1,000000 -101,000000 0,000000 0,000000
868 1682701507 0,200000 -1,000000 -101,000000 0,000000 0,000000
868 1682701508 0,200000 -1,000000 -101,000000 0,000000 0,000000
868 1682701509 0,200000 -1,000000 -101,000000 0,000000 0,000000
868 1682701510 0,200000 -1,000000 -101,000000 0,000000 0,000000
868 1682701511 0,200000 -1,000000 -101,000000 0,000000 0,000000
868 1682701512 0,200000 -1,000000 -101,000000 0,000000 0,000000
868 1682701513 0,200000 -1,000000 -101,000000 0,000000 0,000000
868 1682701519 0,200000 -1,000000 -101,000000 0,000000 0,000000
868 1682701520 0,200000 -1,000000 -101,000000 0,000000 0,000000
868 1682701521 0,200000 -1,000000 -101,000000 0,000000 0,000000
868 1682701522 0,200000 -1,000000 -101,000000 0,000000 0,000000
868 1682701523 0,200000 -1,000000 -101,000000 0,000000 0,000000
868 1682701529 0,800000 -1,000000 -101,000000 0,000000 0,000000
868 1682701530 0,800000 -1,000000 -101,000000 0,000000 0,000000
868 1682701531 0,800000 -1,000000 -101,000000 0,000000 0,000000
868 1682701532 0,800000 -1,000000 -101,000000 0,000000 0,000000
868 1682701533 0,800000 -1,000000 -101,000000 0,000000 0,000000
868 1682701534 0,200000 -1,000000 -101,000000 0,000000 0,000000
868 1682701535 0,200000 -1,000000 -101,000000 0,000000 0,000000
868 1682701536 0,200000 -1,000000 -101,000000 0,000000 0,000000
868 1682701537 0,200000 -1,000000 -101,000000 0,000000 0,000000
868 1682701538 0,200000 -1,000000 -101,000000 0,000000 0,000000
868 1682701539 0,200000 -1,000000 -101,000000 0,000000 0,000000
868 1682701540 0,200000 -1,000000 -101,000000 0,000000 0,000000
868 1682701541 0,200000 -1,000000 -101,000000 0,000000 0,000000
868 1682701542 0,200000 -1,000000 -101,000000 0,000000 0,000000
868 1682701543 0,200000 -1,000000 -101,000000 0,000000 0,000000
868 1682701544 0,400000 -1,000000 -101,000000 0,000000 0,000000
868 1682701545 0,400000 -1,000000 -101,000000 0,000000 0,000000
868 1682701546 0,400000 -1,000000 -101,000000 0,000000 0,000000
868 1682701547 0,400000 -1,000000 -101,000000 0,000000 0,000000
868 1682701548 0,400000 -1,000000 -101,000000 0,000000 0,000000
868 1682701549 0,200000 -1,000000 -101,000000 0,000000 0,000000
868 1682701550 0,200000 -1,000000 -101,000000 0,000000 0,000000
868 1682701551 0,200000 -1,000000 -101,000000 0,000000 0,000000
868 1682701552 0,200000 -1,000000 -101,000000 0,000000 0,000000
868 1682701553 0,200000 -1,000000 -101,000000 0,000000 0,000000
868 1682701554 0,600000 -1,000000 -101,000000 0,000000 0,000000
868 1682701555 0,600000 -1,000000 -101,000000 0,000000 0,000000
868 1682701556 0,600000 -1,000000 -101,000000 0,000000 0,000000
868 1682701557 0,600000 -1,000000 -101,000000 0,000000 0,000000
868 1682701558 0,600000 -1,000000 -101,000000 0,000000 0,000000
868 1682701559 0,600000 -1,000000 -101,000000 0,000000 0,000000
868 1682701560 0,600000 -1,000000 -101,000000 0,000000 0,000000
868 1682701561 0,600000 -1,000000 -101,000000 0,000000 0,000000
868 1682701562 0,600000 -1,000000 -101,000000 0,000000 0,000000
868 1682701563 0,600000 -1,000000 -101,000000 0,000000 0,000000
868 1682701564 0,600000 -1,000000 -101,000000 0,000000 0,000000
868 1682701565 0,600000 -1,000000 -101,000000 0,000000 0,000000
868 1682701566 0,600000 -1,000000 -101,000000 0,000000 0,000000
868 1682701567 0,600000 -1,000000 -101,000000 0,000000 0,000000
868 1682701568 0,600000 -1,000000 -101,000000 0,000000 0,000000
868 1682701569 0,600000 -1,000000 -101,000000 0,000000 0,000000
868 1682701570 0,600000 -1,000000 -101,000000 0,000000 0,000000
868 1682701571 0,600000 -1,000000 -101,000000 0,000000 0,000000
868 1682701572 0,600000 -1,000000 -101,000000 0,000000 0,000000
868 1682701573 0,600000 -1,000000 -101,000000 0,000000 0,000000
868 1682701574 0,200000 -1,000000 -101,000000 0,000000 0,000000
868 1682701575 0,200000 -1,000000 -101,000000 0,000000 0,000000
868 1682701576 0,200000 -1,000000 -101,000000 0,000000 0,000000
868 1682701577 0,200000 -1,000000 -101,000000 0,000000 0,000000
868 1682701578 0,200000 -1,000000 -101,000000 0,000000 0,000000
868 1682701579 0,400000 -1,000000 -101,000000 0,000000 0,000000
868 1682701580 0,400000 -1,000000 -101,000000 0,000000 0,000000
868 1682701581 0,400000 -1,000000 -101,000000 0,000000 0,000000
868 1682701582 0,400000 -1,000000 -101,000000 0,000000 0,000000
868 1682701583 0,400000 -1,000000 -101,000000 0,000000 0,000000
868 1682701584 0,400000 -1,000000 -101,000000 0,000000 0,000000
868 1682701585 0,400000 -1,000000 -101,000000 0,000000 0,000000
868 1682701586 0,400000 -1,000000 -101,000000 0,000000 0,000000
868 1682701587 0,400000 -1,000000 -101,000000 0,000000 0,000000
868 1682701588 0,400000 -1,000000 -101,000000 0,000000 0,000000
868 1682701589 0,200000 -1,000000 -101,000000 0,000000 0,000000
868 1682701590 0,200000 -1,000000 -101,000000 0,000000 0,000000
868 1682701591 0,200000 -1,000000 -101,000000 0,000000 0,000000
868 1682701592 0,200000 -1,000000 -101,000000 0,000000 0,000000
868 1682701593 0,200000 -1,000000 -101,000000 0,000000 0,000000
868 1682701594 0,200000 -1,000000 -101,000000 0,000000 0,000000
868 1682701595 0,200000 -1,000000 -101,000000 0,000000 0,000000
868 1682701596 0,200000 -1,000000 -101,000000 0,000000 0,000000
868 1682701597 0,200000 -1,000000 -101,000000 0,000000 0,000000
868 1682701598 0,200000 -1,000000 -101,000000 0,000000 0,000000
868 1682701599 0,400000 -1,000000 -101,000000 0,000000 0,000000
868 1682701600 0,400000 -1,000000 -101,000000 0,000000 0,000000
868 1682701601 0,400000 -1,000000 -101,000000 0,000000 0,000000
868 1682701602 0,400000 -1,000000 -101,000000 0,000000 0,000000
868 1682701603 0,400000 -1,000000 -101,000000 0,000000 0,000000
868 1682701609 0,400000 -1,000000 -101,000000 0,000000 0,000000
868 1682701610 0,400000 -1,000000 -101,000000 0,000000 0,000000
868 1682701611 0,400000 -1,000000 -101,000000 0,000000 0,000000
868 1682701612 0,400000 -1,000000 -101,000000 0,000000 0,000000
868 1682701613 0,400000 -1,000000 -101,000000 0,000000 0,000000
868 1682701614 0,200000 -1,000000 -101,000000 0,000000 0,000000
868 1682701615 0,200000 -1,000000 -101,000000 0,000000 0,000000
868 1682701616 0,200000 -1,000000 -101,000000 0,000000 0,000000
868 1682701617 0,200000 -1,000000 -101,000000 0,000000 0,000000
868 1682701618 0,200000 -1,000000 -101,000000 0,000000 0,000000
868 1682701624 0,400000 -1,000000 -101,000000 0,000000 0,000000
868 1682701625 0,400000 -1,000000 -101,000000 0,000000 0,000000
868 1682701626 0,400000 -1,000000 -101,000000 0,000000 0,000000
868 1682701627 0,400000 -1,000000 -101,000000 0,000000 0,000000
868 1682701628 0,400000 -1,000000 -101,000000 0,000000 0,000000
868 1682701634 0,400000 -1,000000 -101,000000 0,000000 0,000000
868 1682701635 0,400000 -1,000000 -101,000000 0,000000 0,000000
868 1682701636 0,400000 -1,000000 -101,000000 0,000000 0,000000
868 1682701637 0,400000 -1,000000 -101,000000 0,000000 0,000000
868 1682701638 0,400000 -1,000000 -101,000000 0,000000 0,000000
868 1682701639 0,200000 -1,000000 -101,000000 0,000000 0,000000
868 1682701640 0,200000 -1,000000 -101,000000 0,000000 0,000000
868 1682701641 0,200000 -1,000000 -101,000000 0,000000 0,000000
868 1682701642 0,200000 -1,000000 -101,000000 0,000000 0,000000
868 1682701643 0,200000 -1,000000 -101,000000 0,000000 0,000000
868 1682701649 0,200000 -1,000000 -101,000000 0,000000 0,000000
868 1682701650 0,200000 -1,000000 -101,000000 0,000000 0,000000
868 1682701651 0,200000 -1,000000 -101,000000 0,000000 0,000000
868 1682701652 0,200000 -1,000000 -101,000000 0,000000 0,000000
868 1682701653 0,200000 -1,000000 -101,000000 0,000000 0,000000
868 1682701659 0,800000 -1,000000 -101,000000 0,000000 0,000000
868 1682701660 0,800000 -1,000000 -101,000000 0,000000 0,000000
868 1682701661 0,800000 -1,000000 -101,000000 0,000000 0,000000
868 1682701662 0,800000 -1,000000 -101,000000 0,000000 0,000000
868 1682701663 0,800000 -1,000000 -101,000000 0,000000 0,000000
868 1682701664 0,200000 -1,000000 -101,000000 0,000000 0,000000
868 1682701665 0,200000 -1,000000 -101,000000 0,000000 0,000000
868 1682701666 0,200000 -1,000000 -101,000000 0,000000 0,000000
868 1682701667 0,200000 -1,000000 -101,000000 0,000000 0,000000
868 1682701668 0,200000 -1,000000 -101,000000 0,000000 0,000000
868 1682701669 0,200000 -1,000000 -101,000000 0,000000 0,000000
868 1682701670 0,200000 -1,000000 -101,000000 0,000000 0,000000
868 1682701671 0,200000 -1,000000 -101,000000 0,000000 0,000000
868 1682701672 0,200000 -1,000000 -101,000000 0,000000 0,000000
868 1682701673 0,200000 -1,000000 -101,000000 0,000000 0,000000
868 1682701674 0,600000 -1,000000 -101,000000 0,000000 0,000000
868 1682701675 0,600000 -1,000000 -101,000000 0,000000 0,000000
868 1682701676 0,600000 -1,000000 -101,000000 0,000000 0,000000
868 1682701677 0,600000 -1,000000 -101,000000 0,000000 0,000000
868 1682701678 0,600000 -1,000000 -101,000000 0,000000 0,000000
868 1682701679 0,400000 -1,000000 -101,000000 0,000000 0,000000
868 1682701680 0,400000 -1,000000 -101,000000 0,000000 0,000000
868 1682701681 0,400000 -1,000000 -101,000000 0,000000 0,000000
868 1682701682 0,400000 -1,000000 -101,000000 0,000000 0,000000
868 1682701683 0,400000 -1,000000 -101,000000 0,000000 0,000000
868 1682701684 0,800000 -1,000000 -101,000000 0,000000 0,000000
868 1682701685 0,800000 -1,000000 -101,000000 0,000000 0,000000
868 1682701686 0,800000 -1,000000 -101,000000 0,000000 0,000000
868 1682701687 0,800000 -1,000000 -101,000000 0,000000 0,000000
868 1682701688 0,800000 -1,000000 -101,000000 0,000000 0,000000
868 1682701689 0,200000 -1,000000 -101,000000 0,000000 0,000000
868 1682701690 0,200000 -1,000000 -101,000000 0,000000 0,000000
868 1682701691 0,200000 -1,000000 -101,000000 0,000000 0,000000
868 1682701692 0,200000 -1,000000 -101,000000 0,000000 0,000000
868 1682701693 0,200000 -1,000000 -101,000000 0,000000 0,000000
868 1682701694 0,200000 -1,000000 -101,000000 0,000000 0,000000
868 1682701695 0,200000 -1,000000 -101,000000 0,000000 0,000000
868 1682701696 0,200000 -1,000000 -101,000000 0,000000 0,000000
868 1682701697 0,200000 -1,000000 -101,000000 0,000000 0,000000
868 1682701698 0,200000 -1,000000 -101,000000 0,000000 0,000000
868 1682701699 0,400000 -1,000000 -101,000000 0,000000 0,000000
868 1682701700 0,400000 -1,000000 -101,000000 0,000000 0,000000
868 1682701701 0,400000 -1,000000 -101,000000 0,000000 0,000000
868 1682701702 0,400000 -1,000000 -101,000000 0,000000 0,000000
868 1682701703 0,400000 -1,000000 -101,000000 0,000000 0,000000
868 1682701704 0,200000 -1,000000 -101,000000 0,000000 0,000000
868 1682701705 0,200000 -1,000000 -101,000000 0,000000 0,000000
868 1682701706 0,200000 -1,000000 -101,000000 0,000000 0,000000
868 1682701707 0,200000 -1,000000 -101,000000 0,000000 0,000000
868 1682701708 0,200000 -1,000000 -101,000000 0,000000 0,000000
868 1682701719 0,400000 -1,000000 -101,000000 0,000000 0,000000
868 1682701720 0,400000 -1,000000 -101,000000 0,000000 0,000000
868 1682701721 0,400000 -1,000000 -101,000000 0,000000 0,000000
868 1682701722 0,400000 -1,000000 -101,000000 0,000000 0,000000
868 1682701723 0,400000 -1,000000 -101,000000 0,000000 0,000000
868 1682701724 0,200000 -1,000000 -101,000000 0,000000 0,000000
868 1682701725 0,200000 -1,000000 -101,000000 0,000000 0,000000
868 1682701726 0,200000 -1,000000 -101,000000 0,000000 0,000000
868 1682701727 0,200000 -1,000000 -101,000000 0,000000 0,000000
868 1682701728 0,200000 -1,000000 -101,000000 0,000000 0,000000
868 1682701734 0,400000 -1,000000 -101,000000 0,000000 0,000000
868 1682701735 0,400000 -1,000000 -101,000000 0,000000 0,000000
868 1682701736 0,400000 -1,000000 -101,000000 0,000000 0,000000
868 1682701737 0,400000 -1,000000 -101,000000 0,000000 0,000000
868 1682701738 0,400000 -1,000000 -101,000000 0,000000 0,000000
868 1682701744 0,400000 -1,000000 -101,000000 0,000000 0,000000
868 1682701745 0,400000 -1,000000 -101,000000 0,000000 0,000000
868 1682701746 0,400000 -1,000000 -101,000000 0,000000 0,000000
868 1682701747 0,400000 -1,000000 -101,000000 0,000000 0,000000
868 1682701748 0,400000 -1,000000 -101,000000 0,000000 0,000000
868 1682701749 0,200000 -1,000000 -101,000000 0,000000 0,000000
868 1682701750 0,200000 -1,000000 -101,000000 0,000000 0,000000
868 1682701751 0,200000 -1,000000 -101,000000 0,000000 0,000000
868 1682701752 0,200000 -1,000000 -101,000000 0,000000 0,000000
868 1682701753 0,200000 -1,000000 -101,000000 0,000000 0,000000
