832 1682700335 0,000000 0,000000 -101,000000 0,000000 0,000000
832 1682700336 0,000000 0,000000 -101,000000 0,000000 0,000000
832 1682700337 0,000000 0,000000 -101,000000 0,000000 0,000000
832 1682700338 0,000000 0,000000 -101,000000 0,000000 0,000000
832 1682700339 3,000000 0,200000 0,600000 0,600000 -20,200000
832 1682700340 3,000000 0,200000 1,200000 1,200000 -20,200000
832 1682700341 3,000000 0,200000 1,800000 1,800000 -20,200000
832 1682700342 3,000000 0,200000 2,400000 2,400000 -20,200000
832 1682700343 3,000000 0,200000 3,000000 3,000000 -20,200000
832 1682700344 1,000000 0,400000 3,400000 3,400000 -20,200000
832 1682700345 1,000000 0,400000 3,800000 3,800000 -20,200000
832 1682700346 1,000000 0,400000 4,200000 4,200000 -20,200000
832 1682700347 1,000000 0,400000 4,600000 4,600000 -20,200000
832 1682700348 1,000000 0,400000 5,000000 5,000000 -20,200000
832 1682700349 -0,333333 0,600000 4,800000 4,800000 -20,200000
832 1682700350 -0,333333 0,600000 4,600000 4,600000 -20,200000
832 1682700351 -0,333333 0,600000 4,400000 4,400000 -20,200000
832 1682700352 -0,333333 0,600000 4,200000 4,200000 -20,200000
832 1682700353 -0,333333 0,600000 4,000000 4,000000 -20,200000
832 1682700354 0,000000 1,000000 4,000000 4,000000 -20,200000
832 1682700355 0,000000 1,000000 4,000000 4,000000 -20,200000
832 1682700356 0,000000 1,000000 4,000000 4,000000 -20,200000
832 1682700357 0,000000 1,000000 4,000000 4,000000 -20,200000
832 1682700358 0,000000 1,000000 4,000000 4,000000 -20,200000
832 1682700359 0,333333 1,200000 4,400000 4,400000 -20,200000
832 1682700360 0,333333 1,200000 4,800000 4,800000 -20,200000
832 1682700361 0,333333 1,200000 5,200000 5,200000 -20,200000
832 1682700362 0,333333 1,200000 5,600000 5,600000 -20,200000
832 1682700363 0,333333 1,200000 6,000000 6,000000 -20,200000
832 1682700364 0,111111 1,800000 6,200000 6,200000 -20,200000
832 1682700365 0,111111 1,800000 6,400000 6,400000 -20,200000
832 1682700366 0,111111 1,800000 6,600000 6,600000 -20,200000
832 1682700367 0,111111 1,800000 6,800000 6,800000 -20,200000
832 1682700368 0,111111 1,800000 7,000000 7,000000 -20,200000
832 1682700369 0,000000 2,400000 7,000000 7,000000 -20,200000
832 1682700370 0,000000 2,400000 7,000000 7,000000 -20,200000
832 1682700371 0,000000 2,400000 7,000000 7,000000 -20,200000
832 1682700372 0,000000 2,400000 7,000000 7,000000 -20,200000
832 1682700373 0,000000 2,400000 7,000000 7,000000 -20,200000
832 1682700374 0,266667 3,000000 7,800000 7,800000 -20,200000
832 1682700375 0,266667 3,000000 8,600000 8,600000 -20,200000
832 1682700376 0,266667 3,000000 9,400000 9,400000 -20,200000
832 1682700377 0,266667 3,000000 10,200000 10,200000 -20,200000
832 1682700378 0,266667 3,000000 11,000000 11,000000 -20,200000
832 1682700379 -0,166667 3,600000 10,400000 10,400000 -20,200000
832 1682700380 -0,166667 3,600000 9,800000 9,800000 -20,200000
832 1682700381 -0,166667 3,600000 9,200000 9,200000 -20,200000
832 1682700382 -0,166667 3,600000 8,600000 8,600000 -20,200000
832 1682700383 -0,166667 3,600000 8,000000 8,000000 -20,200000
832 1682700384 0,217391 4,600000 9,000000 9,000000 -20,200000
832 1682700385 0,217391 4,600000 10,000000 10,000000 -20,200000
832 1682700386 0,217391 4,600000 11,000000 11,000000 -20,200000
832 1682700387 0,217391 4,600000 12,000000 12,000000 -20,200000
832 1682700388 0,217391 4,600000 13,000000 13,000000 -20,200000
832 1682700389 0,000000 5,200000 13,000000 13,000000 -20,200000
832 1682700390 0,000000 5,200000 13,000000 13,000000 -20,200000
832 1682700391 0,000000 5,200000 13,000000 13,000000 -20,200000
832 1682700392 0,000000 5,200000 13,000000 13,000000 -20,200000
832 1682700393 0,000000 5,200000 13,000000 13,000000 -20,200000
832 1682700394 -0,064516 6,200000 12,600000 12,600000 -20,200000
832 1682700395 -0,064516 6,200000 12,200000 12,200000 -20,200000
832 1682700396 -0,064516 6,200000 11,800000 11,800000 -20,200000
832 1682700397 -0,064516 6,200000 11,400000 11,400000 -20,200000
832 1682700398 -0,064516 6,200000 11,000000 11,000000 -20,200000
832 1682700399 -0,027778 7,200000 10,800000 10,800000 -20,200000
832 1682700400 -0,027778 7,200000 10,600000 10,600000 -20,200000
832 1682700401 -0,027778 7,200000 10,400000 10,400000 -20,200000
832 1682700402 -0,027778 7,200000 10,200000 10,200000 -20,200000
832 1682700403 -0,027778 7,200000 10,000000 10,000000 -20,200000
832 1682700404 0,146341 8,200000 11,200000 11,200000 -20,200000
832 1682700405 0,146341 8,200000 12,400000 12,400000 -20,200000
832 1682700406 0,146341 8,200000 13,600000 13,600000 -20,200000
832 1682700407 0,146341 8,200000 14,800000 14,800000 -20,200000
832 1682700408 0,146341 8,200000 16,000000 16,000000 -20,200000
832 1682700409 0,085106 9,400000 16,800000 16,800000 -20,200000
832 1682700410 0,085106 9,400000 17,600000 17,600000 -20,200000
832 1682700411 0,085106 9,400000 18,400000 18,400000 -20,200000
832 1682700412 0,085106 9,400000 19,200000 19,200000 -20,200000
832 1682700413 0,085106 9,400000 20,000000 20,000000 -20,200000
832 1682700414 -0,055556 10,800000 19,400000 19,400000 -20,200000
832 1682700415 -0,055556 10,800000 18,800000 18,800000 -20,200000
832 1682700416 -0,055556 10,800000 18,200000 18,200000 -20,200000
832 1682700417 -0,055556 10,800000 17,600000 17,600000 -20,200000
832 1682700418 -0,055556 10,800000 17,000000 17,000000 -20,200000
832 1682700419 0,000000 12,000000 17,000000 17,000000 -20,200000
832 1682700420 0,000000 12,000000 17,000000 17,000000 -20,200000
832 1682700421 0,000000 12,000000 17,000000 17,000000 -20,200000
832 1682700422 0,000000 12,000000 17,000000 17,000000 -20,200000
832 1682700423 0,000000 12,000000 17,000000 17,000000 -20,200000
832 1682700424 0,088235 13,600000 18,200000 18,200000 -20,200000
832 1682700425 0,088235 13,600000 19,400000 19,400000 -20,200000
832 1682700426 0,088235 13,600000 20,600000 20,600000 -20,200000
832 1682700427 0,088235 13,600000 21,800000 21,800000 -20,200000
832 1682700428 0,088235 13,600000 23,000000 23,000000 -20,200000
832 1682700429 -0,039474 15,200000 22,400000 22,400000 -20,200000
832 1682700430 -0,039474 15,200000 21,800000 21,800000 -20,200000
832 1682700431 -0,039474 15,200000 21,200000 21,200000 -20,200000
832 1682700432 -0,039474 15,200000 20,600000 20,600000 -20,200000
832 1682700433 -0,039474 15,200000 20,000000 20,000000 -20,200000
832 1682700434 0,072289 16,600000 21,200000 21,200000 -20,200000
832 1682700435 0,072289 16,600000 22,400000 22,400000 -20,200000
832 1682700436 0,072289 16,600000 23,600000 23,600000 -20,200000
832 1682700437 0,072289 16,600000 24,800000 24,800000 -20,200000
832 1682700438 0,072289 16,600000 26,000000 26,000000 -20,200000
832 1682700439 -0,054348 18,400000 25,000000 25,000000 -20,200000
832 1682700440 -0,054348 18,400000 24,000000 24,000000 -20,200000
832 1682700441 -0,054348 18,400000 23,000000 23,000000 -20,200000
832 1682700442 -0,054348 18,400000 22,000000 22,000000 -20,200000
832 1682700443 -0,054348 18,400000 21,000000 21,000000 -20,200000
832 1682700444 -0,009901 20,200000 20,800000 20,800000 -20,200000
832 1682700445 -0,009901 20,200000 20,600000 20,600000 -20,200000
832 1682700446 -0,009901 20,200000 20,400000 20,400000 -20,200000
832 1682700447 -0,009901 20,200000 20,200000 20,200000 -20,200000
832 1682700448 -0,009901 20,200000 20,000000 20,000000 -20,200000
832 1682700449 0,046296 21,600000 21,000000 21,000000 -20,200000
832 1682700450 0,046296 21,600000 22,000000 22,000000 -20,200000
832 1682700451 0,046296 21,600000 23,000000 23,000000 -20,200000
832 1682700452 0,046296 21,600000 24,000000 24,000000 -20,200000
832 1682700453 0,046296 21,600000 25,000000 25,000000 -20,200000
832 1682700454 0,000000 23,800000 25,000000 25,000000 -20,200000
832 1682700455 0,000000 23,800000 25,000000 25,000000 -20,200000
832 1682700456 0,000000 23,800000 25,000000 25,000000 -20,200000
832 1682700457 0,000000 23,800000 25,000000 25,000000 -20,200000
832 1682700458 0,000000 23,800000 25,000000 25,000000 -20,200000
832 1682700459 -0,007692 26,000000 24,800000 24,800000 -20,200000
832 1682700460 -0,007692 26,000000 24,600000 24,600000 -20,200000
832 1682700461 -0,007692 26,000000 24,400000 24,400000 -20,200000
832 1682700462 -0,007692 26,000000 24,200000 24,200000 -20,200000
832 1682700463 -0,007692 26,000000 24,000000 24,000000 -20,200000
832 1682700464 0,079137 27,800000 26,200000 26,200000 -20,200000
832 1682700465 0,079137 27,800000 28,400000 28,400000 -20,200000
832 1682700466 0,079137 27,800000 30,600000 30,600000 -20,200000
832 1682700467 0,079137 27,800000 32,800000 32,800000 -20,200000
832 1682700468 0,079137 27,800000 35,000000 35,000000 -20,200000
832 1682700469 -0,013333 30,000000 34,600000 34,600000 -20,200000
832 1682700470 -0,013333 30,000000 34,200000 34,200000 -20,200000
832 1682700471 -0,013333 30,000000 33,800000 33,800000 -20,200000
832 1682700472 -0,013333 30,000000 33,400000 33,400000 -20,200000
832 1682700473 -0,013333 30,000000 33,000000 33,000000 -20,200000
832 1682700474 -0,049689 32,200000 31,400000 31,400000 -20,200000
832 1682700475 -0,049689 32,200000 29,800000 29,800000 -20,200000
832 1682700476 -0,049689 32,200000 28,200000 28,200000 -20,200000
832 1682700477 -0,049689 32,200000 26,600000 26,600000 -20,200000
832 1682700478 -0,049689 32,200000 25,000000 25,000000 -20,200000
832 1682700479 0,023392 34,200000 25,800000 25,800000 -20,200000
832 1682700480 0,023392 34,200000 26,600000 26,600000 -20,200000
832 1682700481 0,023392 34,200000 27,400000 27,400000 -20,200000
832 1682700482 0,023392 34,200000 28,200000 28,200000 -20,200000
832 1682700483 0,023392 34,200000 29,000000 29,000000 -20,200000
832 1682700484 0,032609 36,800000 30,200000 30,200000 -20,200000
832 1682700485 0,032609 36,800000 31,400000 31,400000 -20,200000
832 1682700486 0,032609 36,800000 32,600000 32,600000 -20,200000
832 1682700487 0,032609 36,800000 33,800000 33,800000 -20,200000
832 1682700488 0,032609 36,800000 35,000000 35,000000 -20,200000
832 1682700489 -0,005128 39,000000 34,800000 34,800000 -20,200000
832 1682700490 -0,005128 39,000000 34,600000 34,600000 -20,200000
832 1682700491 -0,005128 39,000000 34,400000 34,400000 -20,200000
832 1682700492 -0,005128 39,000000 34,200000 34,200000 -20,200000
832 1682700493 -0,005128 39,000000 34,000000 34,000000 -20,200000
832 1682700494 -0,009756 41,000000 33,600000 33,600000 -20,200000
832 1682700495 -0,009756 41,000000 33,200000 33,200000 -20,200000
832 1682700496 -0,009756 41,000000 32,800000 32,800000 -20,200000
832 1682700497 -0,009756 41,000000 32,400000 32,400000 -20,200000
832 1682700498 -0,009756 41,000000 32,000000 32,000000 -20,200000
832 1682700499 -0,031818 44,000000 30,600000 30,600000 -20,200000
832 1682700500 -0,031818 44,000000 29,200000 29,200000 -20,200000
832 1682700501 -0,031818 44,000000 27,800000 27,800000 -20,200000
832 1682700502 -0,031818 44,000000 26,400000 26,400000 -20,200000
832 1682700503 -0,031818 44,000000 25,000000 25,000000 -20,200000
832 1682700504 0,008658 46,200000 25,400000 25,400000 -20,200000
832 1682700505 0,008658 46,200000 25,800000 25,800000 -20,200000
832 1682700506 0,008658 46,200000 26,200000 26,200000 -20,200000
832 1682700507 0,008658 46,200000 26,600000 26,600000 -20,200000
832 1682700508 0,008658 46,200000 27,000000 27,000000 -20,200000
832 1682700509 0,037500 48,000000 28,800000 28,800000 -20,200000
832 1682700510 0,037500 48,000000 30,600000 30,600000 -20,200000
832 1682700511 0,037500 48,000000 32,400000 32,400000 -20,200000
832 1682700512 0,037500 48,000000 34,200000 34,200000 -20,200000
832 1682700513 0,037500 48,000000 36,000000 36,000000 -20,200000
832 1682700514 0,000000 50,600000 36,000000 36,000000 -20,200000
832 1682700515 0,000000 50,600000 36,000000 36,000000 -20,200000
832 1682700516 0,000000 50,600000 36,000000 36,000000 -20,200000
832 1682700517 0,000000 50,600000 36,000000 36,000000 -20,200000
832 1682700518 0,000000 50,600000 36,000000 36,000000 -20,200000
832 1682700519 -0,052830 53,000000 33,200000 33,200000 -20,200000
832 1682700520 -0,052830 53,000000 30,400000 30,400000 -20,200000
832 1682700521 -0,052830 53,000000 27,600000 27,600000 -20,200000
832 1682700522 -0,052830 53,000000 24,800000 24,800000 -20,200000
832 1682700523 -0,052830 53,000000 22,000000 22,000000 -20,200000
832 1682700524 0,032847 54,800000 23,800000 23,800000 -20,200000
832 1682700525 0,032847 54,800000 25,600000 25,600000 -20,200000
832 1682700526 0,032847 54,800000 27,400000 27,400000 -20,200000
832 1682700527 0,032847 54,800000 29,200000 29,200000 -20,200000
832 1682700528 0,032847 54,800000 31,000000 31,000000 -20,200000
832 1682700529 0,020979 57,200000 32,200000 32,200000 -20,200000
832 1682700530 0,020979 57,200000 33,400000 33,400000 -20,200000
832 1682700531 0,020979 57,200000 34,600000 34,600000 -20,200000
832 1682700532 0,020979 57,200000 35,800000 35,800000 -20,200000
832 1682700533 0,020979 57,200000 37,000000 37,000000 -20,200000
832 1682700534 -0,016835 59,400000 36,000000 36,000000 -20,200000
832 1682700535 -0,016835 59,400000 35,000000 35,000000 -20,200000
832 1682700536 -0,016835 59,400000 34,000000 34,000000 -20,200000
832 1682700537 -0,016835 59,400000 33,000000 33,000000 -20,200000
832 1682700538 -0,016835 59,400000 32,000000 32,000000 -20,200000
832 1682700539 0,000000 61,400000 32,000000 32,000000 -20,200000
832 1682700540 0,000000 61,400000 32,000000 32,000000 -20,200000
832 1682700541 0,000000 61,400000 32,000000 32,000000 -20,200000
832 1682700542 0,000000 61,400000 32,000000 32,000000 -20,200000
832 1682700543 0,000000 61,400000 32,000000 32,000000 -20,200000
832 1682700544 0,000000 63,600000 32,000000 32,000000 -20,200000
832 1682700545 0,000000 63,600000 32,000000 32,000000 -20,200000
832 1682700546 0,000000 63,600000 32,000000 32,000000 -20,200000
832 1682700547 0,000000 63,600000 32,000000 32,000000 -20,200000
832 1682700548 0,000000 63,600000 32,000000 32,000000 -20,200000
832 1682700549 -0,006116 65,400000 31,600000 31,600000 -20,200000
832 1682700550 -0,006116 65,400000 31,200000 31,200000 -20,200000
832 1682700551 -0,006116 65,400000 30,800000 30,800000 -20,200000
832 1682700552 -0,006116 65,400000 30,400000 30,400000 -20,200000
832 1682700553 -0,006116 65,400000 30,000000 30,000000 -20,200000
832 1682700554 0,000000 67,200000 30,000000 30,000000 -20,200000
832 1682700555 0,000000 67,200000 30,000000 30,000000 -20,200000
832 1682700556 0,000000 67,200000 30,000000 30,000000 -20,200000
832 1682700557 0,000000 67,200000 30,000000 30,000000 -20,200000
832 1682700558 0,000000 67,200000 30,000000 30,000000 -20,200000
832 1682700559 0,005714 70,000000 30,400000 30,400000 -20,200000
832 1682700560 0,005714 70,000000 30,800000 30,800000 -20,200000
832 1682700561 0,005714 70,000000 31,200000 31,200000 -20,200000
832 1682700562 0,005714 70,000000 31,600000 31,600000 -20,200000
832 1682700563 0,005714 70,000000 32,000000 32,000000 -20,200000
832 1682700564 0,005525 72,400000 32,400000 32,400000 -20,200000
832 1682700565 0,005525 72,400000 32,800000 32,800000 -20,200000
832 1682700566 0,005525 72,400000 33,200000 33,200000 -20,200000
832 1682700567 0,005525 72,400000 33,600000 33,600000 -20,200000
832 1682700568 0,005525 72,400000 34,000000 34,000000 -20,200000
832 1682700569 0,016173 74,200000 35,200000 35,200000 -20,200000
832 1682700570 0,016173 74,200000 36,400000 36,400000 -20,200000
832 1682700571 0,016173 74,200000 37,600000 37,600000 -20,200000
832 1682700572 0,016173 74,200000 38,800000 38,800000 -20,200000
832 1682700573 0,016173 74,200000 40,000000 40,000000 -20,200000
832 1682700574 -0,031414 76,400000 37,600000 37,600000 -20,200000
832 1682700575 -0,031414 76,400000 35,200000 35,200000 -20,200000
832 1682700576 -0,031414 76,400000 32,800000 32,800000 -20,200000
832 1682700577 -0,031414 76,400000 30,400000 30,400000 -20,200000
832 1682700578 -0,031414 76,400000 28,000000 28,000000 -20,200000
832 1682700579 -0,007634 78,600000 27,400000 27,400000 -20,200000
832 1682700580 -0,007634 78,600000 26,800000 26,800000 -20,200000
832 1682700581 -0,007634 78,600000 26,200000 26,200000 -20,200000
832 1682700582 -0,007634 78,600000 25,600000 25,600000 -20,200000
832 1682700583 -0,007634 78,600000 25,000000 25,000000 -20,200000
832 1682700584 0,002488 80,400000 25,200000 25,200000 -20,200000
832 1682700585 0,002488 80,400000 25,400000 25,400000 -20,200000
832 1682700586 0,002488 80,400000 25,600000 25,600000 -20,200000
832 1682700587 0,002488 80,400000 25,800000 25,800000 -20,200000
832 1682700588 0,002488 80,400000 26,000000 26,000000 -20,200000
832 1682700589 0,033898 82,600000 28,800000 28,800000 -20,200000
832 1682700590 0,033898 82,600000 31,600000 31,600000 -20,200000
832 1682700591 0,033898 82,600000 34,400000 34,400000 -20,200000
832 1682700592 0,033898 82,600000 37,200000 37,200000 -20,200000
832 1682700593 0,033898 82,600000 40,000000 40,000000 -20,200000
832 1682700594 -0,011765 85,000000 39,000000 39,000000 -20,200000
832 1682700595 -0,011765 85,000000 38,000000 38,000000 -20,200000
832 1682700596 -0,011765 85,000000 37,000000 37,000000 -20,200000
832 1682700597 -0,011765 85,000000 36,000000 36,000000 -20,200000
832 1682700598 -0,011765 85,000000 35,000000 35,000000 -20,200000
832 1682700599 -0,013761 87,200000 33,800000 33,800000 -20,200000
832 1682700600 -0,013761 87,200000 32,600000 32,600000 -20,200000
832 1682700601 -0,013761 87,200000 31,400000 31,400000 -20,200000
832 1682700602 -0,013761 87,200000 30,200000 30,200000 -20,200000
832 1682700603 -0,013761 87,200000 29,000000 29,000000 -20,200000
832 1682700604 -0,002227 89,800000 28,800000 28,800000 -20,200000
832 1682700605 -0,002227 89,800000 28,600000 28,600000 -20,200000
832 1682700606 -0,002227 89,800000 28,400000 28,400000 -20,200000
832 1682700607 -0,002227 89,800000 28,200000 28,200000 -20,200000
832 1682700608 -0,002227 89,800000 28,000000 28,000000 -20,200000
832 1682700609 0,006508 92,200000 28,600000 28,600000 -20,200000
832 1682700610 0,006508 92,200000 29,200000 29,200000 -20,200000
832 1682700611 0,006508 92,200000 29,800000 29,800000 -20,200000
832 1682700612 0,006508 92,200000 30,400000 30,400000 -20,200000
832 1682700613 0,006508 92,200000 31,000000 31,000000 -20,200000
832 1682700614 0,016985 94,200000 32,600000 32,600000 -20,200000
832 1682700615 0,016985 94,200000 34,200000 34,200000 -20,200000
832 1682700616 0,016985 94,200000 35,800000 35,800000 -20,200000
832 1682700617 0,016985 94,200000 37,400000 37,400000 -20,200000
832 1682700618 0,016985 94,200000 39,000000 39,000000 -20,200000
832 1682700619 -0,010373 96,400000 38,000000 38,000000 -20,200000
832 1682700620 -0,010373 96,400000 37,000000 37,000000 -20,200000
832 1682700621 -0,010373 96,400000 36,000000 36,000000 -20,200000
832 1682700622 -0,010373 96,400000 35,000000 35,000000 -20,200000
832 1682700623 -0,010373 96,400000 34,000000 34,000000 -20,200000
832 1682700624 -0,016194 98,800000 32,400000 32,400000 -20,200000
832 1682700625 -0,016194 98,800000 30,800000 30,800000 -20,200000
832 1682700626 -0,016194 98,800000 29,200000 29,200000 -20,200000
832 1682700627 -0,016194 98,800000 27,600000 27,600000 -20,200000
832 1682700628 -0,016194 98,800000 26,000000 26,000000 -20,200000
832 1682700629 0,011858 101,200000 27,200000 27,200000 -20,200000
832 1682700630 0,011858 101,200000 28,400000 28,400000 -20,200000
832 1682700631 0,011858 101,200000 29,600000 29,600000 -20,200000
832 1682700632 0,011858 101,200000 30,800000 30,800000 -20,200000
832 1682700633 0,011858 101,200000 32,000000 32,000000 -20,200000
832 1682700634 0,007767 103,000000 32,800000 32,800000 -20,200000
832 1682700635 0,007767 103,000000 33,600000 33,600000 -20,200000
832 1682700636 0,007767 103,000000 34,400000 34,400000 -20,200000
832 1682700637 0,007767 103,000000 35,200000 35,200000 -20,200000
832 1682700638 0,007767 103,000000 36,000000 36,000000 -20,200000
832 1682700639 0,000000 105,600000 36,000000 36,000000 -20,200000
832 1682700640 0,000000 105,600000 36,000000 36,000000 -20,200000
832 1682700641 0,000000 105,600000 36,000000 36,000000 -20,200000
832 1682700642 0,000000 105,600000 36,000000 36,000000 -20,200000
832 1682700643 0,000000 105,600000 36,000000 36,000000 -20,200000
832 1682700644 -0,018553 107,800000 34,000000 34,000000 -20,200000
832 1682700645 -0,018553 107,800000 32,000000 32,000000 -20,200000
832 1682700646 -0,018553 107,800000 30,000000 30,000000 -20,200000
832 1682700647 -0,018553 107,800000 28,000000 28,000000 -20,200000
832 1682700648 -0,018553 107,800000 26,000000 26,000000 -20,200000
832 1682700649 0,012774 109,600000 27,400000 27,400000 -20,200000
832 1682700650 0,012774 109,600000 28,800000 28,800000 -20,200000
832 1682700651 0,012774 109,600000 30,200000 30,200000 -20,200000
832 1682700652 0,012774 109,600000 31,600000 31,600000 -20,200000
832 1682700653 0,012774 109,600000 33,000000 33,000000 -20,200000
832 1682700654 -0,001783 112,200000 32,800000 32,800000 -20,200000
832 1682700655 -0,001783 112,200000 32,600000 32,600000 -20,200000
832 1682700656 -0,001783 112,200000 32,400000 32,400000 -20,200000
832 1682700657 -0,001783 112,200000 32,200000 32,200000 -20,200000
832 1682700658 -0,001783 112,200000 32,000000 32,000000 -20,200000
832 1682700659 -0,012238 114,400000 30,600000 30,600000 -20,200000
832 1682700660 -0,012238 114,400000 29,200000 29,200000 -20,200000
832 1682700661 -0,012238 114,400000 27,800000 27,800000 -20,200000
832 1682700662 -0,012238 114,400000 26,400000 26,400000 -20,200000
832 1682700663 -0,012238 114,400000 25,000000 25,000000 -20,200000
832 1682700664 0,017182 116,400000 27,000000 27,000000 -20,200000
832 1682700665 0,017182 116,400000 29,000000 29,000000 -20,200000
832 1682700666 0,017182 116,400000 31,000000 31,000000 -20,200000
832 1682700667 0,017182 116,400000 33,000000 33,000000 -20,200000
832 1682700668 0,017182 116,400000 35,000000 35,000000 -20,200000
832 1682700669 0,003361 119,000000 35,400000 35,400000 -20,200000
832 1682700670 0,003361 119,000000 35,800000 35,800000 -20,200000
832 1682700671 0,003361 119,000000 36,200000 36,200000 -20,200000
832 1682700672 0,003361 119,000000 36,600000 36,600000 -20,200000
832 1682700673 0,003361 119,000000 37,000000 37,000000 -20,200000
832 1682700674 -0,009901 121,200000 35,800000 35,800000 -20,200000
832 1682700675 -0,009901 121,200000 34,600000 34,600000 -20,200000
832 1682700676 -0,009901 121,200000 33,400000 33,400000 -20,200000
832 1682700677 -0,009901 121,200000 32,200000 32,200000 -20,200000
832 1682700678 -0,009901 121,200000 31,000000 31,000000 -20,200000
832 1682700679 -0,004870 123,200000 30,400000 30,400000 -20,200000
832 1682700680 -0,004870 123,200000 29,800000 29,800000 -20,200000
832 1682700681 -0,004870 123,200000 29,200000 29,200000 -20,200000
832 1682700682 -0,004870 123,200000 28,600000 28,600000 -20,200000
832 1682700683 -0,004870 123,200000 28,000000 28,000000 -20,200000
832 1682700684 -0,001587 126,000000 27,800000 27,800000 -20,200000
832 1682700685 -0,001587 126,000000 27,600000 27,600000 -20,200000
832 1682700686 -0,001587 126,000000 27,400000 27,400000 -20,200000
832 1682700687 -0,001587 126,000000 27,200000 27,200000 -20,200000
832 1682700688 -0,001587 126,000000 27,000000 27,000000 -20,200000
832 1682700689 0,006240 128,200000 27,800000 27,800000 -20,200000
832 1682700690 0,006240 128,200000 28,600000 28,600000 -20,200000
832 1682700691 0,006240 128,200000 29,400000 29,400000 -20,200000
832 1682700692 0,006240 128,200000 30,200000 30,200000 -20,200000
832 1682700693 0,006240 128,200000 31,000000 31,000000 -20,200000
832 1682700694 0,010769 130,000000 32,400000 32,400000 -20,200000
832 1682700695 0,010769 130,000000 33,800000 33,800000 -20,200000
832 1682700696 0,010769 130,000000 35,200000 35,200000 -20,200000
832 1682700697 0,010769 130,000000 36,600000 36,600000 -20,200000
832 1682700698 0,010769 130,000000 38,000000 38,000000 -20,200000
832 1682700699 -0,010558 132,600000 36,600000 36,600000 -20,200000
832 1682700700 -0,010558 132,600000 35,200000 35,200000 -20,200000
832 1682700701 -0,010558 132,600000 33,800000 33,800000 -20,200000
832 1682700702 -0,010558 132,600000 32,400000 32,400000 -20,200000
832 1682700703 -0,010558 132,600000 31,000000 31,000000 -20,200000
832 1682700704 -0,014815 135,000000 29,000000 29,000000 -20,200000
832 1682700705 -0,014815 135,000000 27,000000 27,000000 -20,200000
832 1682700706 -0,014815 135,000000 25,000000 25,000000 -20,200000
832 1682700707 -0,014815 135,000000 23,000000 23,000000 -20,200000
832 1682700708 -0,014815 135,000000 21,000000 21,000000 -20,200000
832 1682700709 0,019006 136,800000 23,600000 23,600000 -20,200000
832 1682700710 0,019006 136,800000 26,200000 26,200000 -20,200000
832 1682700711 0,019006 136,800000 28,800000 28,800000 -20,200000
832 1682700712 0,019006 136,800000 31,400000 31,400000 -20,200000
832 1682700713 0,019006 136,800000 34,000000 34,000000 -20,200000
832 1682700714 0,007174 139,400000 35,000000 35,000000 -20,200000
832 1682700715 0,007174 139,400000 36,000000 36,000000 -20,200000
832 1682700716 0,007174 139,400000 37,000000 37,000000 -20,200000
832 1682700717 0,007174 139,400000 38,000000 38,000000 -20,200000
832 1682700718 0,007174 139,400000 39,000000 39,000000 -20,200000
832 1682700719 -0,011299 141,600000 37,400000 37,400000 -20,200000
832 1682700720 -0,011299 141,600000 35,800000 35,800000 -20,200000
832 1682700721 -0,011299 141,600000 34,200000 34,200000 -20,200000
832 1682700722 -0,011299 141,600000 32,600000 32,600000 -20,200000
832 1682700723 -0,011299 141,600000 31,000000 31,000000 -20,200000
832 1682700724 -0,006964 143,600000 30,000000 30,000000 -20,200000
832 1682700725 -0,006964 143,600000 29,000000 29,000000 -20,200000
832 1682700726 -0,006964 143,600000 28,000000 28,000000 -20,200000
832 1682700727 -0,006964 143,600000 27,000000 27,000000 -20,200000
832 1682700728 -0,006964 143,600000 26,000000 26,000000 -20,200000
832 1682700729 0,006840 146,200000 27,000000 27,000000 -20,200000
832 1682700730 0,006840 146,200000 28,000000 28,000000 -20,200000
832 1682700731 0,006840 146,200000 29,000000 29,000000 -20,200000
832 1682700732 0,006840 146,200000 30,000000 30,000000 -20,200000
832 1682700733 0,006840 146,200000 31,000000 31,000000 -20,200000
832 1682700734 0,000000 148,200000 31,000000 31,000000 -20,200000
832 1682700735 0,000000 148,200000 31,000000 31,000000 -20,200000
832 1682700736 0,000000 148,200000 31,000000 31,000000 -20,200000
832 1682700737 0,000000 148,200000 31,000000 31,000000 -20,200000
832 1682700738 0,000000 148,200000 31,000000 31,000000 -20,200000
832 1682700739 0,006684 149,600000 32,000000 32,000000 -20,200000
832 1682700740 0,006684 149,600000 33,000000 33,000000 -20,200000
832 1682700741 0,006684 149,600000 34,000000 34,000000 -20,200000
832 1682700742 0,006684 149,600000 35,000000 35,000000 -20,200000
832 1682700743 0,006684 149,600000 36,000000 36,000000 -20,200000
832 1682700744 -0,006562 152,400000 35,000000 35,000000 -20,200000
832 1682700745 -0,006562 152,400000 34,000000 34,000000 -20,200000
832 1682700746 -0,006562 152,400000 33,000000 33,000000 -20,200000
832 1682700747 -0,006562 152,400000 32,000000 32,000000 -20,200000
832 1682700748 -0,006562 152,400000 31,000000 31,000000 -20,200000
832 1682700749 -0,010336 154,800000 29,400000 29,400000 -20,200000
832 1682700750 -0,010336 154,800000 27,800000 27,800000 -20,200000
832 1682700751 -0,010336 154,800000 26,200000 26,200000 -20,200000
832 1682700752 -0,010336 154,800000 24,600000 24,600000 -20,200000
832 1682700753 -0,010336 154,800000 23,000000 23,000000 -20,200000
832 1682700754 0,012788 156,400000 25,000000 25,000000 -20,200000
832 1682700755 0,012788 156,400000 27,000000 27,000000 -20,200000
832 1682700756 0,012788 156,400000 29,000000 29,000000 -20,200000
832 1682700757 0,012788 156,400000 31,000000 31,000000 -20,200000
832 1682700758 0,012788 156,400000 33,000000 33,000000 -20,200000
832 1682700759 0,000000 159,000000 33,000000 33,000000 -20,200000
832 1682700760 0,000000 159,000000 33,000000 33,000000 -20,200000
832 1682700761 0,000000 159,000000 33,000000 33,000000 -20,200000
832 1682700762 0,000000 159,000000 33,000000 33,000000 -20,200000
832 1682700763 0,000000 159,000000 33,000000 33,000000 -20,200000
832 1682700764 -0,011152 161,400000 31,200000 31,200000 -20,200000
832 1682700765 -0,011152 161,400000 29,400000 29,400000 -20,200000
832 1682700766 -0,011152 161,400000 27,600000 27,600000 -20,200000
832 1682700767 -0,011152 161,400000 25,800000 25,800000 -20,200000
832 1682700768 -0,011152 161,400000 24,000000 24,000000 -20,200000
832 1682700769 0,013464 163,400000 26,200000 26,200000 -20,200000
832 1682700770 0,013464 163,400000 28,400000 28,400000 -20,200000
832 1682700771 0,013464 163,400000 30,600000 30,600000 -20,200000
832 1682700772 0,013464 163,400000 32,800000 32,800000 -20,200000
832 1682700773 0,013464 163,400000 35,000000 35,000000 -20,200000
832 1682700774 -0,001208 165,600000 34,800000 34,800000 -20,200000
832 1682700775 -0,001208 165,600000 34,600000 34,600000 -20,200000
832 1682700776 -0,001208 165,600000 34,400000 34,400000 -20,200000
832 1682700777 -0,001208 165,600000 34,200000 34,200000 -20,200000
832 1682700778 -0,001208 165,600000 34,000000 34,000000 -20,200000
832 1682700779 -0,005967 167,600000 33,000000 33,000000 -20,200000
832 1682700780 -0,005967 167,600000 32,000000 32,000000 -20,200000
832 1682700781 -0,005967 167,600000 31,000000 31,000000 -20,200000
832 1682700782 -0,005967 167,600000 30,000000 30,000000 -20,200000
832 1682700783 -0,005967 167,600000 29,000000 29,000000 -20,200000
832 1682700784 -0,002358 169,600000 28,600000 28,600000 -20,200000
832 1682700785 -0,002358 169,600000 28,200000 28,200000 -20,200000
832 1682700786 -0,002358 169,600000 27,800000 27,800000 -20,200000
832 1682700787 -0,002358 169,600000 27,400000 27,400000 -20,200000
832 1682700788 -0,002358 169,600000 27,000000 27,000000 -20,200000
832 1682700789 0,003484 172,200000 27,600000 27,600000 -20,200000
832 1682700790 0,003484 172,200000 28,200000 28,200000 -20,200000
832 1682700791 0,003484 172,200000 28,800000 28,800000 -20,200000
832 1682700792 0,003484 172,200000 29,400000 29,400000 -20,200000
832 1682700793 0,003484 172,200000 30,000000 30,000000 -20,200000
832 1682700794 0,003440 174,400000 30,600000 30,600000 -20,200000
832 1682700795 0,003440 174,400000 31,200000 31,200000 -20,200000
832 1682700796 0,003440 174,400000 31,800000 31,800000 -20,200000
832 1682700797 0,003440 174,400000 32,400000 32,400000 -20,200000
832 1682700798 0,003440 174,400000 33,000000 33,000000 -20,200000
832 1682700799 -0,001135 176,200000 32,800000 32,800000 -20,200000
832 1682700800 -0,001135 176,200000 32,600000 32,600000 -20,200000
832 1682700801 -0,001135 176,200000 32,400000 32,400000 -20,200000
832 1682700802 -0,001135 176,200000 32,200000 32,200000 -20,200000
832 1682700803 -0,001135 176,200000 32,000000 32,000000 -20,200000
832 1682700804 -0,004474 178,800000 31,200000 31,200000 -20,200000
832 1682700805 -0,004474 178,800000 30,400000 30,400000 -20,200000
832 1682700806 -0,004474 178,800000 29,600000 29,600000 -20,200000
832 1682700807 -0,004474 178,800000 28,800000 28,800000 -20,200000
832 1682700808 -0,004474 178,800000 28,000000 28,000000 -20,200000
832 1682700809 -0,001103 181,400000 27,800000 27,800000 -20,200000
832 1682700810 -0,001103 181,400000 27,600000 27,600000 -20,200000
832 1682700811 -0,001103 181,400000 27,400000 27,400000 -20,200000
832 1682700812 -0,001103 181,400000 27,200000 27,200000 -20,200000
832 1682700813 -0,001103 181,400000 27,000000 27,000000 -20,200000
832 1682700814 0,007650 183,000000 28,400000 28,400000 -20,200000
832 1682700815 0,007650 183,000000 29,800000 29,800000 -20,200000
832 1682700816 0,007650 183,000000 31,200000 31,200000 -20,200000
832 1682700817 0,007650 183,000000 32,600000 32,600000 -20,200000
832 1682700818 0,007650 183,000000 34,000000 34,000000 -20,200000
832 1682700819 0,005400 185,200000 35,000000 35,000000 -20,200000
832 1682700820 0,005400 185,200000 36,000000 36,000000 -20,200000
832 1682700821 0,005400 185,200000 37,000000 37,000000 -20,200000
832 1682700822 0,005400 185,200000 38,000000 38,000000 -20,200000
832 1682700823 0,005400 185,200000 39,000000 39,000000 -20,200000
832 1682700824 -0,012793 187,600000 36,600000 36,600000 -20,200000
832 1682700825 -0,012793 187,600000 34,200000 34,200000 -20,200000
832 1682700826 -0,012793 187,600000 31,800000 31,800000 -20,200000
832 1682700827 -0,012793 187,600000 29,400000 29,400000 -20,200000
832 1682700828 -0,012793 187,600000 27,000000 27,000000 -20,200000
832 1682700829 -0,004215 189,800000 26,200000 26,200000 -20,200000
832 1682700830 -0,004215 189,800000 25,400000 25,400000 -20,200000
832 1682700831 -0,004215 189,800000 24,600000 24,600000 -20,200000
832 1682700832 -0,004215 189,800000 23,800000 23,800000 -20,200000
832 1682700833 -0,004215 189,800000 23,000000 23,000000 -20,200000
832 1682700834 0,010428 191,800000 25,000000 25,000000 -20,200000
832 1682700835 0,010428 191,800000 27,000000 27,000000 -20,200000
832 1682700836 0,010428 191,800000 29,000000 29,000000 -20,200000
832 1682700837 0,010428 191,800000 31,000000 31,000000 -20,200000
832 1682700838 0,010428 191,800000 33,000000 33,000000 -20,200000
832 1682700839 -0,001030 194,200000 32,800000 32,800000 -20,200000
832 1682700840 -0,001030 194,200000 32,600000 32,600000 -20,200000
832 1682700841 -0,001030 194,200000 32,400000 32,400000 -20,200000
832 1682700842 -0,001030 194,200000 32,200000 32,200000 -20,200000
832 1682700843 -0,001030 194,200000 32,000000 32,000000 -20,200000
832 1682700844 0,001019 196,200000 32,200000 32,200000 -20,200000
832 1682700845 0,001019 196,200000 32,400000 32,400000 -20,200000
832 1682700846 0,001019 196,200000 32,600000 32,600000 -20,200000
832 1682700847 0,001019 196,200000 32,800000 32,800000 -20,200000
832 1682700848 0,001019 196,200000 33,000000 33,000000 -20,200000
832 1682700849 0,003018 198,800000 33,600000 33,600000 -20,200000
832 1682700850 0,003018 198,800000 34,200000 34,200000 -20,200000
832 1682700851 0,003018 198,800000 34,800000 34,800000 -20,200000
832 1682700852 0,003018 198,800000 35,400000 35,400000 -20,200000
832 1682700853 0,003018 198,800000 36,000000 36,000000 -20,200000
832 1682700854 -0,005970 201,000000 34,800000 34,800000 -20,200000
832 1682700855 -0,005970 201,000000 33,600000 33,600000 -20,200000
832 1682700856 -0,005970 201,000000 32,400000 32,400000 -20,200000
832 1682700857 -0,005970 201,000000 31,200000 31,200000 -20,200000
832 1682700858 -0,005970 201,000000 30,000000 30,000000 -20,200000
832 1682700859 0,000000 203,000000 30,000000 30,000000 -20,200000
832 1682700860 0,000000 203,000000 30,000000 30,000000 -20,200000
832 1682700861 0,000000 203,000000 30,000000 30,000000 -20,200000
832 1682700862 0,000000 203,000000 30,000000 30,000000 -20,200000
832 1682700863 0,000000 203,000000 30,000000 30,000000 -20,200000
832 1682700864 0,000000 205,200000 30,000000 30,000000 -20,200000
832 1682700865 0,000000 205,200000 30,000000 30,000000 -20,200000
832 1682700866 0,000000 205,200000 30,000000 30,000000 -20,200000
832 1682700867 0,000000 205,200000 30,000000 30,000000 -20,200000
832 1682700929 0,000000 1,000000 35,000000 35,000000 10201,000000
832 1682700928 4,000000 0,200000 35,000000 35,000000 2040,328000
832 1682700927 4,000000 0,200000 34,200000 34,200000 2040,328000
832 1682700926 4,000000 0,200000 33,400000 33,400000 2040,328000
832 1682700925 4,000000 0,200000 32,600000 32,600000 2040,328000
832 1682700924 4,000000 0,200000 31,800000 31,800000 2040,328000
832 1682700923 -3,000000 0,200000 31,000000 31,000000 2040,272000
832 1682700922 -3,000000 0,200000 31,600000 31,600000 2040,272000
832 1682700921 -3,000000 0,200000 32,200000 32,200000 2040,272000
832 1682700920 -3,000000 0,200000 32,800000 32,800000 2040,272000
832 1682700919 -3,000000 0,200000 33,400000 33,400000 2040,272000
832 1682700918 9,000000 0,200000 34,000000 34,000000 2040,848000
832 1682700917 9,000000 0,200000 32,200000 32,200000 2040,848000
832 1682700916 9,000000 0,200000 30,400000 30,400000 2040,848000
832 1682700915 9,000000 0,200000 28,600000 28,600000 2040,848000
832 1682700914 9,000000 0,200000 26,800000 26,800000 2040,848000
832 1682700913 -1,000000 0,200000 25,000000 25,000000 2040,208000
832 1682700912 -1,000000 0,200000 25,200000 25,200000 2040,208000
832 1682700911 -1,000000 0,200000 25,400000 25,400000 2040,208000
832 1682700910 -1,000000 0,200000 25,600000 25,600000 2040,208000
832 1682700909 -1,000000 0,200000 25,800000 25,800000 2040,208000
832 1682700908 -13,000000 0,200000 26,000000 26,000000 2041,552000
832 1682700907 -13,000000 0,200000 28,600000 28,600000 2041,552000
832 1682700906 -13,000000 0,200000 31,200000 31,200000 2041,552000
832 1682700905 -13,000000 0,200000 33,800000 33,800000 2041,552000
832 1682700904 -13,000000 0,200000 36,400000 36,400000 2041,552000
832 1682700903 -1,000000 0,200000 39,000000 39,000000 2040,208000
832 1682700902 -1,000000 0,200000 39,200000 39,200000 2040,208000
832 1682700901 -1,000000 0,200000 39,400000 39,400000 2040,208000
832 1682700900 -1,000000 0,200000 39,600000 39,600000 2040,208000
832 1682700899 -1,000000 0,200000 39,800000 39,800000 2040,208000
832 1682700898 18,000000 0,200000 40,000000 40,000000 2042,792000
832 1682700897 18,000000 0,200000 36,400000 36,400000 2042,792000
832 1682700896 18,000000 0,200000 32,800000 32,800000 2042,792000
832 1682700895 18,000000 0,200000 29,200000 29,200000 2042,792000
832 1682700894 18,000000 0,200000 25,600000 25,600000 2042,792000
832 1682700893 -5,000000 0,200000 22,000000 22,000000 2040,400000
832 1682700892 -5,000000 0,200000 23,000000 23,000000 2040,400000
832 1682700891 -5,000000 0,200000 24,000000 24,000000 2040,400000
832 1682700890 -5,000000 0,200000 25,000000 25,000000 2040,400000
832 1682700889 -5,000000 0,200000 26,000000 26,000000 2040,400000
832 1682700888 -4,000000 0,200000 27,000000 27,000000 2040,328000
832 1682700887 -4,000000 0,200000 27,800000 27,800000 2040,328000
832 1682700886 -4,000000 0,200000 28,600000 28,600000 2040,328000
832 1682700885 -4,000000 0,200000 29,400000 29,400000 2040,328000
832 1682700884 -4,000000 0,200000 30,200000 30,200000 2040,328000
832 1682700883 -2,000000 0,200000 31,000000 31,000000 2040,232000
832 1682700882 -2,000000 0,200000 31,400000 31,400000 2040,232000
832 1682700881 -2,000000 0,200000 31,800000 31,800000 2040,232000
832 1682700880 -2,000000 0,200000 32,200000 32,200000 2040,232000
832 1682700879 -2,000000 0,200000 32,600000 32,600000 2040,232000
832 1682700878 2,000000 0,200000 33,000000 33,000000 2040,232000
832 1682700877 2,000000 0,200000 32,600000 32,600000 2040,232000
832 1682700876 2,000000 0,200000 32,200000 32,200000 2040,232000
832 1682700875 2,000000 0,200000 31,800000 31,800000 2040,232000
832 1682700874 2,000000 0,200000 31,400000 31,400000 2040,232000
832 1682700873 1,000000 0,200000 31,000000 31,000000 2040,208000
832 1682700872 1,000000 0,200000 30,800000 30,800000 2040,208000
832 1682700871 1,000000 0,200000 30,600000 30,600000 2040,208000
832 1682700870 1,000000 0,200000 30,400000 30,400000 2040,208000
832 1682700869 1,000000 0,200000 30,200000 30,200000 2040,208000
832 1682700868 0,000000 0,200000 30,000000 30,000000 2040,200000
832 1682700868 0,000000 205,200000 30,000000 30,000000 -20,200000
832 1682700869 0,000963 207,600000 30,200000 30,200000 -20,200000
832 1682700870 0,000963 207,600000 30,400000 30,400000 -20,200000
832 1682700871 0,000963 207,600000 30,600000 30,600000 -20,200000
832 1682700872 0,000963 207,600000 30,800000 30,800000 -20,200000
832 1682700873 0,000963 207,600000 31,000000 31,000000 -20,200000
832 1682700874 0,001908 209,600000 31,400000 31,400000 -20,200000
832 1682700875 0,001908 209,600000 31,800000 31,800000 -20,200000
832 1682700876 0,001908 209,600000 32,200000 32,200000 -20,200000
832 1682700877 0,001908 209,600000 32,600000 32,600000 -20,200000
832 1682700878 0,001908 209,600000 33,000000 33,000000 -20,200000
832 1682700879 -0,001890 211,600000 32,600000 32,600000 -20,200000
832 1682700880 -0,001890 211,600000 32,200000 32,200000 -20,200000
832 1682700881 -0,001890 211,600000 31,800000 31,800000 -20,200000
832 1682700882 -0,001890 211,600000 31,400000 31,400000 -20,200000
832 1682700883 -0,001890 211,600000 31,000000 31,000000 -20,200000
832 1682700884 -0,003738 214,000000 30,200000 30,200000 -20,200000
832 1682700885 -0,003738 214,000000 29,400000 29,400000 -20,200000
832 1682700886 -0,003738 214,000000 28,600000 28,600000 -20,200000
832 1682700887 -0,003738 214,000000 27,800000 27,800000 -20,200000
832 1682700888 -0,003738 214,000000 27,000000 27,000000 -20,200000
832 1682700889 -0,004625 216,200000 26,000000 26,000000 -20,200000
832 1682700890 -0,004625 216,200000 25,000000 25,000000 -20,200000
832 1682700891 -0,004625 216,200000 24,000000 24,000000 -20,200000
832 1682700892 -0,004625 216,200000 23,000000 23,000000 -20,200000
832 1682700893 -0,004625 216,200000 22,000000 22,000000 -20,200000
832 1682700894 0,016499 218,200000 25,600000 25,600000 -20,200000
832 1682700895 0,016499 218,200000 29,200000 29,200000 -20,200000
832 1682700896 0,016499 218,200000 32,800000 32,800000 -20,200000
832 1682700897 0,016499 218,200000 36,400000 36,400000 -20,200000
832 1682700898 0,016499 218,200000 40,000000 40,000000 -20,200000
832 1682700899 -0,000907 220,400000 39,800000 39,800000 -20,200000
832 1682700900 -0,000907 220,400000 39,600000 39,600000 -20,200000
832 1682700901 -0,000907 220,400000 39,400000 39,400000 -20,200000
832 1682700902 -0,000907 220,400000 39,200000 39,200000 -20,200000
832 1682700903 -0,000907 220,400000 39,000000 39,000000 -20,200000
832 1682700904 -0,011680 222,600000 36,400000 36,400000 -20,200000
832 1682700905 -0,011680 222,600000 33,800000 33,800000 -20,200000
832 1682700906 -0,011680 222,600000 31,200000 31,200000 -20,200000
832 1682700907 -0,011680 222,600000 28,600000 28,600000 -20,200000
832 1682700908 -0,011680 222,600000 26,000000 26,000000 -20,200000
832 1682700909 -0,000890 224,600000 25,800000 25,800000 -20,200000
832 1682700910 -0,000890 224,600000 25,600000 25,600000 -20,200000
832 1682700911 -0,000890 224,600000 25,400000 25,400000 -20,200000
832 1682700912 -0,000890 224,600000 25,200000 25,200000 -20,200000
832 1682700913 -0,000890 224,600000 25,000000 25,000000 -20,200000
832 1682700914 0,007923 227,200000 26,800000 26,800000 -20,200000
832 1682700915 0,007923 227,200000 28,600000 28,600000 -20,200000
832 1682700916 0,007923 227,200000 30,400000 30,400000 -20,200000
832 1682700917 0,007923 227,200000 32,200000 32,200000 -20,200000
832 1682700918 0,007923 227,200000 34,000000 34,000000 -20,200000
832 1682700919 -0,002616 229,400000 33,400000 33,400000 -20,200000
832 1682700920 -0,002616 229,400000 32,800000 32,800000 -20,200000
832 1682700921 -0,002616 229,400000 32,200000 32,200000 -20,200000
832 1682700922 -0,002616 229,400000 31,600000 31,600000 -20,200000
832 1682700923 -0,002616 229,400000 31,000000 31,000000 -20,200000
832 1682700924 0,003460 231,200000 31,800000 31,800000 -20,200000
832 1682700925 0,003460 231,200000 32,600000 32,600000 -20,200000
832 1682700926 0,003460 231,200000 33,400000 33,400000 -20,200000
832 1682700927 0,003460 231,200000 34,200000 34,200000 -20,200000
832 1682700928 0,003460 231,200000 35,000000 35,000000 -20,200000
832 1682700929 -0,005993 233,600000 33,600000 33,600000 -20,200000
832 1682700930 -0,005993 233,600000 32,200000 32,200000 -20,200000
832 1682700931 -0,005993 233,600000 30,800000 30,800000 -20,200000
832 1682700932 -0,005993 233,600000 29,400000 29,400000 -20,200000
832 1682700933 -0,005993 233,600000 28,000000 28,000000 -20,200000
832 1682700934 -0,000847 236,000000 27,800000 27,800000 -20,200000
832 1682700935 -0,000847 236,000000 27,600000 27,600000 -20,200000
832 1682700936 -0,000847 236,000000 27,400000 27,400000 -20,200000
832 1682700937 -0,000847 236,000000 27,200000 27,200000 -20,200000
832 1682700938 -0,000847 236,000000 27,000000 27,000000 -20,200000
832 1682700939 0,006728 237,800000 28,600000 28,600000 -20,200000
832 1682700940 0,006728 237,800000 30,200000 30,200000 -20,200000
832 1682700941 0,006728 237,800000 31,800000 31,800000 -20,200000
832 1682700942 0,006728 237,800000 33,400000 33,400000 -20,200000
832 1682700943 0,006728 237,800000 35,000000 35,000000 -20,200000
832 1682700944 -0,002496 240,400000 34,400000 34,400000 -20,200000
832 1682700945 -0,002496 240,400000 33,800000 33,800000 -20,200000
832 1682700946 -0,002496 240,400000 33,200000 33,200000 -20,200000
832 1682700947 -0,002496 240,400000 32,600000 32,600000 -20,200000
832 1682700948 -0,002496 240,400000 32,000000 32,000000 -20,200000
832 1682700949 -0,004946 242,600000 30,800000 30,800000 -20,200000
832 1682700950 -0,004946 242,600000 29,600000 29,600000 -20,200000
832 1682700951 -0,004946 242,600000 28,400000 28,400000 -20,200000
832 1682700952 -0,004946 242,600000 27,200000 27,200000 -20,200000
832 1682700953 -0,004946 242,600000 26,000000 26,000000 -20,200000
832 1682700954 0,003271 244,600000 26,800000 26,800000 -20,200000
832 1682700955 0,003271 244,600000 27,600000 27,600000 -20,200000
832 1682700956 0,003271 244,600000 28,400000 28,400000 -20,200000
832 1682700957 0,003271 244,600000 29,200000 29,200000 -20,200000
832 1682700958 0,003271 244,600000 30,000000 30,000000 -20,200000
832 1682700959 0,004049 247,000000 31,000000 31,000000 -20,200000
832 1682700960 0,004049 247,000000 32,000000 32,000000 -20,200000
832 1682700961 0,004049 247,000000 33,000000 33,000000 -20,200000
832 1682700962 0,004049 247,000000 34,000000 34,000000 -20,200000
832 1682700963 0,004049 247,000000 35,000000 35,000000 -20,200000
832 1682700964 -0,005613 249,400000 33,600000 33,600000 -20,200000
832 1682700965 -0,005613 249,400000 32,200000 32,200000 -20,200000
832 1682700966 -0,005613 249,400000 30,800000 30,800000 -20,200000
832 1682700967 -0,005613 249,400000 29,400000 29,400000 -20,200000
832 1682700968 -0,005613 249,400000 28,000000 28,000000 -20,200000
832 1682700969 0,004777 251,200000 29,200000 29,200000 -20,200000
832 1682700970 0,004777 251,200000 30,400000 30,400000 -20,200000
832 1682700971 0,004777 251,200000 31,600000 31,600000 -20,200000
832 1682700972 0,004777 251,200000 32,800000 32,800000 -20,200000
832 1682700973 0,004777 251,200000 34,000000 34,000000 -20,200000
832 1682700974 -0,000787 254,200000 33,800000 33,800000 -20,200000
832 1682700975 -0,000787 254,200000 33,600000 33,600000 -20,200000
832 1682700976 -0,000787 254,200000 33,400000 33,400000 -20,200000
832 1682700977 -0,000787 254,200000 33,200000 33,200000 -20,200000
832 1682700978 -0,000787 254,200000 33,000000 33,000000 -20,200000
832 1682700979 -0,004684 256,200000 31,800000 31,800000 -20,200000
832 1682700980 -0,004684 256,200000 30,600000 30,600000 -20,200000
832 1682700981 -0,004684 256,200000 29,400000 29,400000 -20,200000
832 1682700982 -0,004684 256,200000 28,200000 28,200000 -20,200000
832 1682700983 -0,004684 256,200000 27,000000 27,000000 -20,200000
832 1682700984 0,003101 258,000000 27,800000 27,800000 -20,200000
832 1682700985 0,003101 258,000000 28,600000 28,600000 -20,200000
832 1682700986 0,003101 258,000000 29,400000 29,400000 -20,200000
832 1682700987 0,003101 258,000000 30,200000 30,200000 -20,200000
832 1682700988 0,003101 258,000000 31,000000 31,000000 -20,200000
832 1682700989 -0,000767 260,600000 30,800000 30,800000 -20,200000
832 1682700990 -0,000767 260,600000 30,600000 30,600000 -20,200000
832 1682700991 -0,000767 260,600000 30,400000 30,400000 -20,200000
832 1682700992 -0,000767 260,600000 30,200000 30,200000 -20,200000
832 1682700993 -0,000767 260,600000 30,000000 30,000000 -20,200000
832 1682700994 0,000000 263,200000 30,000000 30,000000 -20,200000
832 1682700995 0,000000 263,200000 30,000000 30,000000 -20,200000
832 1682700996 0,000000 263,200000 30,000000 30,000000 -20,200000
832 1682700997 0,000000 263,200000 30,000000 30,000000 -20,200000
832 1682700998 0,000000 263,200000 30,000000 30,000000 -20,200000
832 1682700999 0,006042 264,800000 31,600000 31,600000 -20,200000
832 1682701000 0,006042 264,800000 33,200000 33,200000 -20,200000
832 1682701001 0,006042 264,800000 34,800000 34,800000 -20,200000
832 1682701002 0,006042 264,800000 36,400000 36,400000 -20,200000
832 1682701003 0,006042 264,800000 38,000000 38,000000 -20,200000
832 1682701004 -0,002992 267,400000 37,200000 37,200000 -20,200000
832 1682701005 -0,002992 267,400000 36,400000 36,400000 -20,200000
832 1682701006 -0,002992 267,400000 35,600000 35,600000 -20,200000
832 1682701007 -0,002992 267,400000 34,800000 34,800000 -20,200000
832 1682701008 -0,002992 267,400000 34,000000 34,000000 -20,200000
832 1682701009 -0,008902 269,600000 31,600000 31,600000 -20,200000
832 1682701010 -0,008902 269,600000 29,200000 29,200000 -20,200000
832 1682701011 -0,008902 269,600000 26,800000 26,800000 -20,200000
832 1682701012 -0,008902 269,600000 24,400000 24,400000 -20,200000
832 1682701013 -0,008902 269,600000 22,000000 22,000000 -20,200000
832 1682701014 0,004415 271,800000 23,200000 23,200000 -20,200000
832 1682701015 0,004415 271,800000 24,400000 24,400000 -20,200000
832 1682701016 0,004415 271,800000 25,600000 25,600000 -20,200000
832 1682701017 0,004415 271,800000 26,800000 26,800000 -20,200000
832 1682701018 0,004415 271,800000 28,000000 28,000000 -20,200000
832 1682701019 0,007294 274,200000 30,000000 30,000000 -20,200000
832 1682701020 0,007294 274,200000 32,000000 32,000000 -20,200000
832 1682701021 0,007294 274,200000 34,000000 34,000000 -20,200000
832 1682701022 0,007294 274,200000 36,000000 36,000000 -20,200000
832 1682701023 0,007294 274,200000 38,000000 38,000000 -20,200000
832 1682701024 -0,002171 276,400000 37,400000 37,400000 -20,200000
832 1682701025 -0,002171 276,400000 36,800000 36,800000 -20,200000
832 1682701026 -0,002171 276,400000 36,200000 36,200000 -20,200000
832 1682701027 -0,002171 276,400000 35,600000 35,600000 -20,200000
832 1682701028 -0,002171 276,400000 35,000000 35,000000 -20,200000
832 1682701029 -0,004313 278,200000 33,800000 33,800000 -20,200000
832 1682701030 -0,004313 278,200000 32,600000 32,600000 -20,200000
832 1682701031 -0,004313 278,200000 31,400000 31,400000 -20,200000
832 1682701032 -0,004313 278,200000 30,200000 30,200000 -20,200000
832 1682701033 -0,004313 278,200000 29,000000 29,000000 -20,200000
832 1682701034 -0,000712 280,800000 28,800000 28,800000 -20,200000
832 1682701035 -0,000712 280,800000 28,600000 28,600000 -20,200000
832 1682701036 -0,000712 280,800000 28,400000 28,400000 -20,200000
832 1682701037 -0,000712 280,800000 28,200000 28,200000 -20,200000
832 1682701038 -0,000712 280,800000 28,000000 28,000000 -20,200000
832 1682701039 0,000000 283,000000 28,000000 28,000000 -20,200000
832 1682701040 0,000000 283,000000 28,000000 28,000000 -20,200000
832 1682701041 0,000000 283,000000 28,000000 28,000000 -20,200000
832 1682701042 0,000000 283,000000 28,000000 28,000000 -20,200000
832 1682701043 0,000000 283,000000 28,000000 28,000000 -20,200000
832 1682701044 0,003511 284,800000 29,000000 29,000000 -20,200000
832 1682701045 0,003511 284,800000 30,000000 30,000000 -20,200000
832 1682701046 0,003511 284,800000 31,000000 31,000000 -20,200000
832 1682701047 0,003511 284,800000 32,000000 32,000000 -20,200000
832 1682701048 0,003511 284,800000 33,000000 33,000000 -20,200000
832 1682701049 0,002784 287,400000 33,800000 33,800000 -20,200000
832 1682701050 0,002784 287,400000 34,600000 34,600000 -20,200000
832 1682701051 0,002784 287,400000 35,400000 35,400000 -20,200000
832 1682701052 0,002784 287,400000 36,200000 36,200000 -20,200000
832 1682701053 0,002784 287,400000 37,000000 37,000000 -20,200000
832 1682701054 -0,006207 290,000000 35,200000 35,200000 -20,200000
832 1682701055 -0,006207 290,000000 33,400000 33,400000 -20,200000
832 1682701056 -0,006207 290,000000 31,600000 31,600000 -20,200000
832 1682701057 -0,006207 290,000000 29,800000 29,800000 -20,200000
832 1682701058 -0,006207 290,000000 28,000000 28,000000 -20,200000
832 1682701059 0,002742 291,800000 28,800000 28,800000 -20,200000
832 1682701060 0,002742 291,800000 29,600000 29,600000 -20,200000
832 1682701061 0,002742 291,800000 30,400000 30,400000 -20,200000
832 1682701062 0,002742 291,800000 31,200000 31,200000 -20,200000
832 1682701063 0,002742 291,800000 32,000000 32,000000 -20,200000
832 1682701064 0,000000 294,000000 32,000000 32,000000 -20,200000
832 1682701065 0,000000 294,000000 32,000000 32,000000 -20,200000
832 1682701066 0,000000 294,000000 32,000000 32,000000 -20,200000
832 1682701067 0,000000 294,000000 32,000000 32,000000 -20,200000
832 1682701068 0,000000 294,000000 32,000000 32,000000 -20,200000
832 1682701069 -0,005402 296,200000 30,400000 30,400000 -20,200000
832 1682701070 -0,005402 296,200000 28,800000 28,800000 -20,200000
832 1682701071 -0,005402 296,200000 27,200000 27,200000 -20,200000
832 1682701072 -0,005402 296,200000 25,600000 25,600000 -20,200000
832 1682701073 -0,005402 296,200000 24,000000 24,000000 -20,200000
832 1682701074 0,005362 298,400000 25,600000 25,600000 -20,200000
832 1682701075 0,005362 298,400000 27,200000 27,200000 -20,200000
832 1682701076 0,005362 298,400000 28,800000 28,800000 -20,200000
832 1682701077 0,005362 298,400000 30,400000 30,400000 -20,200000
832 1682701078 0,005362 298,400000 32,000000 32,000000 -20,200000
832 1682701079 0,004654 300,800000 33,400000 33,400000 -20,200000
832 1682701080 0,004654 300,800000 34,800000 34,800000 -20,200000
832 1682701081 0,004654 300,800000 36,200000 36,200000 -20,200000
832 1682701082 0,004654 300,800000 37,600000 37,600000 -20,200000
832 1682701083 0,004654 300,800000 39,000000 39,000000 -20,200000
832 1682701084 -0,005941 303,000000 37,200000 37,200000 -20,200000
832 1682701085 -0,005941 303,000000 35,400000 35,400000 -20,200000
832 1682701086 -0,005941 303,000000 33,600000 33,600000 -20,200000
832 1682701087 -0,005941 303,000000 31,800000 31,800000 -20,200000
832 1682701088 -0,005941 303,000000 30,000000 30,000000 -20,200000
832 1682701089 -0,001969 304,800000 29,400000 29,400000 -20,200000
832 1682701090 -0,001969 304,800000 28,800000 28,800000 -20,200000
832 1682701091 -0,001969 304,800000 28,200000 28,200000 -20,200000
832 1682701092 -0,001969 304,800000 27,600000 27,600000 -20,200000
832 1682701093 -0,001969 304,800000 27,000000 27,000000 -20,200000
832 1682701094 0,002602 307,400000 27,800000 27,800000 -20,200000
832 1682701095 0,002602 307,400000 28,600000 28,600000 -20,200000
832 1682701096 0,002602 307,400000 29,400000 29,400000 -20,200000
832 1682701097 0,002602 307,400000 30,200000 30,200000 -20,200000
832 1682701098 0,002602 307,400000 31,000000 31,000000 -20,200000
832 1682701099 0,003876 309,600000 32,200000 32,200000 -20,200000
832 1682701100 0,003876 309,600000 33,400000 33,400000 -20,200000
832 1682701101 0,003876 309,600000 34,600000 34,600000 -20,200000
832 1682701102 0,003876 309,600000 35,800000 35,800000 -20,200000
832 1682701103 0,003876 309,600000 37,000000 37,000000 -20,200000
832 1682701104 -0,001926 311,600000 36,400000 36,400000 -20,200000
832 1682701105 -0,001926 311,600000 35,800000 35,800000 -20,200000
832 1682701106 -0,001926 311,600000 35,200000 35,200000 -20,200000
832 1682701107 -0,001926 311,600000 34,600000 34,600000 -20,200000
832 1682701108 -0,001926 311,600000 34,000000 34,000000 -20,200000
832 1682701109 -0,003824 313,800000 32,800000 32,800000 -20,200000
832 1682701110 -0,003824 313,800000 31,600000 31,600000 -20,200000
832 1682701111 -0,003824 313,800000 30,400000 30,400000 -20,200000
832 1682701112 -0,003824 313,800000 29,200000 29,200000 -20,200000
832 1682701113 -0,003824 313,800000 28,000000 28,000000 -20,200000
832 1682701114 -0,000632 316,400000 27,800000 27,800000 -20,200000
832 1682701115 -0,000632 316,400000 27,600000 27,600000 -20,200000
832 1682701116 -0,000632 316,400000 27,400000 27,400000 -20,200000
832 1682701117 -0,000632 316,400000 27,200000 27,200000 -20,200000
832 1682701118 -0,000632 316,400000 27,000000 27,000000 -20,200000
832 1682701119 0,003141 318,400000 28,000000 28,000000 -20,200000
832 1682701120 0,003141 318,400000 29,000000 29,000000 -20,200000
832 1682701121 0,003141 318,400000 30,000000 30,000000 -20,200000
832 1682701122 0,003141 318,400000 31,000000 31,000000 -20,200000
832 1682701123 0,003141 318,400000 32,000000 32,000000 -20,200000
832 1682701124 0,006242 320,400000 34,000000 34,000000 -20,200000
832 1682701125 0,006242 320,400000 36,000000 36,000000 -20,200000
832 1682701126 0,006242 320,400000 38,000000 38,000000 -20,200000
832 1682701127 0,006242 320,400000 40,000000 40,000000 -20,200000
832 1682701128 0,006242 320,400000 42,000000 42,000000 -20,200000
832 1682701129 -0,008050 323,000000 39,400000 39,400000 -20,200000
832 1682701130 -0,008050 323,000000 36,800000 36,800000 -20,200000
832 1682701131 -0,008050 323,000000 34,200000 34,200000 -20,200000
832 1682701132 -0,008050 323,000000 31,600000 31,600000 -20,200000
832 1682701133 -0,008050 323,000000 29,000000 29,000000 -20,200000
832 1682701134 -0,004305 325,200000 27,600000 27,600000 -20,200000
832 1682701135 -0,004305 325,200000 26,200000 26,200000 -20,200000
832 1682701136 -0,004305 325,200000 24,800000 24,800000 -20,200000
832 1682701137 -0,004305 325,200000 23,400000 23,400000 -20,200000
832 1682701138 -0,004305 325,200000 22,000000 22,000000 -20,200000
832 1682701139 0,007335 327,200000 24,400000 24,400000 -20,200000
832 1682701140 0,007335 327,200000 26,800000 26,800000 -20,200000
832 1682701141 0,007335 327,200000 29,200000 29,200000 -20,200000
832 1682701142 0,007335 327,200000 31,600000 31,600000 -20,200000
832 1682701143 0,007335 327,200000 34,000000 34,000000 -20,200000
832 1682701144 0,001821 329,400000 34,600000 34,600000 -20,200000
832 1682701145 0,001821 329,400000 35,200000 35,200000 -20,200000
832 1682701146 0,001821 329,400000 35,800000 35,800000 -20,200000
832 1682701147 0,001821 329,400000 36,400000 36,400000 -20,200000
832 1682701148 0,001821 329,400000 37,000000 37,000000 -20,200000
832 1682701149 -0,002414 331,400000 36,200000 36,200000 -20,200000
832 1682701150 -0,002414 331,400000 35,400000 35,400000 -20,200000
832 1682701151 -0,002414 331,400000 34,600000 34,600000 -20,200000
832 1682701152 -0,002414 331,400000 33,800000 33,800000 -20,200000
832 1682701153 -0,002414 331,400000 33,000000 33,000000 -20,200000
832 1682701154 0,002402 333,000000 33,800000 33,800000 -20,200000
832 1682701155 0,002402 333,000000 34,600000 34,600000 -20,200000
832 1682701156 0,002402 333,000000 35,400000 35,400000 -20,200000
832 1682701157 0,002402 333,000000 36,200000 36,200000 -20,200000
832 1682701158 0,002402 333,000000 37,000000 37,000000 -20,200000
832 1682701159 -0,003578 335,400000 35,800000 35,800000 -20,200000
832 1682701160 -0,003578 335,400000 34,600000 34,600000 -20,200000
832 1682701161 -0,003578 335,400000 33,400000 33,400000 -20,200000
832 1682701162 -0,003578 335,400000 32,200000 32,200000 -20,200000
832 1682701163 -0,003578 335,400000 31,000000 31,000000 -20,200000
832 1682701164 -0,001778 337,400000 30,400000 30,400000 -20,200000
832 1682701165 -0,001778 337,400000 29,800000 29,800000 -20,200000
832 1682701166 -0,001778 337,400000 29,200000 29,200000 -20,200000
832 1682701167 -0,001778 337,400000 28,600000 28,600000 -20,200000
832 1682701168 -0,001778 337,400000 28,000000 28,000000 -20,200000
832 1682701169 0,004127 339,200000 29,400000 29,400000 -20,200000
832 1682701170 0,004127 339,200000 30,800000 30,800000 -20,200000
832 1682701171 0,004127 339,200000 32,200000 32,200000 -20,200000
832 1682701172 0,004127 339,200000 33,600000 33,600000 -20,200000
832 1682701173 0,004127 339,200000 35,000000 35,000000 -20,200000
832 1682701174 -0,001755 341,800000 34,400000 34,400000 -20,200000
832 1682701175 -0,001755 341,800000 33,800000 33,800000 -20,200000
832 1682701176 -0,001755 341,800000 33,200000 33,200000 -20,200000
832 1682701177 -0,001755 341,800000 32,600000 32,600000 -20,200000
832 1682701178 -0,001755 341,800000 32,000000 32,000000 -20,200000
832 1682701179 -0,001742 344,400000 31,400000 31,400000 -20,200000
832 1682701180 -0,001742 344,400000 30,800000 30,800000 -20,200000
832 1682701181 -0,001742 344,400000 30,200000 30,200000 -20,200000
832 1682701182 -0,001742 344,400000 29,600000 29,600000 -20,200000
832 1682701183 -0,001742 344,400000 29,000000 29,000000 -20,200000
832 1682701184 0,002890 346,000000 30,000000 30,000000 -20,200000
832 1682701185 0,002890 346,000000 31,000000 31,000000 -20,200000
832 1682701186 0,002890 346,000000 32,000000 32,000000 -20,200000
832 1682701187 0,002890 346,000000 33,000000 33,000000 -20,200000
832 1682701188 0,002890 346,000000 34,000000 34,000000 -20,200000
832 1682701189 -0,000574 348,600000 33,800000 33,800000 -20,200000
832 1682701190 -0,000574 348,600000 33,600000 33,600000 -20,200000
832 1682701191 -0,000574 348,600000 33,400000 33,400000 -20,200000
832 1682701192 -0,000574 348,600000 33,200000 33,200000 -20,200000
832 1682701193 -0,000574 348,600000 33,000000 33,000000 -20,200000
832 1682701194 -0,003989 351,000000 31,600000 31,600000 -20,200000
832 1682701195 -0,003989 351,000000 30,200000 30,200000 -20,200000
832 1682701196 -0,003989 351,000000 28,800000 28,800000 -20,200000
832 1682701197 -0,003989 351,000000 27,400000 27,400000 -20,200000
832 1682701198 -0,003989 351,000000 26,000000 26,000000 -20,200000
832 1682701199 0,003962 353,400000 27,400000 27,400000 -20,200000
832 1682701200 0,003962 353,400000 28,800000 28,800000 -20,200000
832 1682701201 0,003962 353,400000 30,200000 30,200000 -20,200000
832 1682701202 0,003962 353,400000 31,600000 31,600000 -20,200000
832 1682701203 0,003962 353,400000 33,000000 33,000000 -20,200000
832 1682701204 0,002811 355,800000 34,000000 34,000000 -20,200000
832 1682701205 0,002811 355,800000 35,000000 35,000000 -20,200000
832 1682701206 0,002811 355,800000 36,000000 36,000000 -20,200000
832 1682701207 0,002811 355,800000 37,000000 37,000000 -20,200000
832 1682701208 0,002811 355,800000 38,000000 38,000000 -20,200000
832 1682701209 -0,005028 358,000000 36,200000 36,200000 -20,200000
832 1682701210 -0,005028 358,000000 34,400000 34,400000 -20,200000
832 1682701211 -0,005028 358,000000 32,600000 32,600000 -20,200000
832 1682701212 -0,005028 358,000000 30,800000 30,800000 -20,200000
832 1682701213 -0,005028 358,000000 29,000000 29,000000 -20,200000
832 1682701214 -0,000556 359,800000 28,800000 28,800000 -20,200000
832 1682701215 -0,000556 359,800000 28,600000 28,600000 -20,200000
832 1682701216 -0,000556 359,800000 28,400000 28,400000 -20,200000
832 1682701217 -0,000556 359,800000 28,200000 28,200000 -20,200000
832 1682701218 -0,000556 359,800000 28,000000 28,000000 -20,200000
832 1682701219 0,001103 362,800000 28,400000 28,400000 -20,200000
832 1682701220 0,001103 362,800000 28,800000 28,800000 -20,200000
832 1682701221 0,001103 362,800000 29,200000 29,200000 -20,200000
832 1682701222 0,001103 362,800000 29,600000 29,600000 -20,200000
832 1682701223 0,001103 362,800000 30,000000 30,000000 -20,200000
832 1682701224 0,001096 364,800000 30,400000 30,400000 -20,200000
832 1682701225 0,001096 364,800000 30,800000 30,800000 -20,200000
832 1682701226 0,001096 364,800000 31,200000 31,200000 -20,200000
832 1682701227 0,001096 364,800000 31,600000 31,600000 -20,200000
832 1682701228 0,001096 364,800000 32,000000 32,000000 -20,200000
832 1682701229 0,003273 366,600000 33,200000 33,200000 -20,200000
832 1682701230 0,003273 366,600000 34,400000 34,400000 -20,200000
832 1682701231 0,003273 366,600000 35,600000 35,600000 -20,200000
832 1682701232 0,003273 366,600000 36,800000 36,800000 -20,200000
832 1682701233 0,003273 366,600000 38,000000 38,000000 -20,200000
832 1682701234 -0,002709 369,200000 37,000000 37,000000 -20,200000
832 1682701235 -0,002709 369,200000 36,000000 36,000000 -20,200000
832 1682701236 -0,002709 369,200000 35,000000 35,000000 -20,200000
832 1682701237 -0,002709 369,200000 34,000000 34,000000 -20,200000
832 1682701238 -0,002709 369,200000 33,000000 33,000000 -20,200000
832 1682701239 -0,005379 371,800000 31,000000 31,000000 -20,200000
832 1682701240 -0,005379 371,800000 29,000000 29,000000 -20,200000
832 1682701241 -0,005379 371,800000 27,000000 27,000000 -20,200000
832 1682701242 -0,005379 371,800000 25,000000 25,000000 -20,200000
832 1682701243 -0,005379 371,800000 23,000000 23,000000 -20,200000
832 1682701244 0,006963 373,400000 25,600000 25,600000 -20,200000
832 1682701245 0,006963 373,400000 28,200000 28,200000 -20,200000
832 1682701246 0,006963 373,400000 30,800000 30,800000 -20,200000
832 1682701247 0,006963 373,400000 33,400000 33,400000 -20,200000
832 1682701248 0,006963 373,400000 36,000000 36,000000 -20,200000
832 1682701249 0,002128 376,000000 36,800000 36,800000 -20,200000
832 1682701250 0,002128 376,000000 37,600000 37,600000 -20,200000
832 1682701251 0,002128 376,000000 38,400000 38,400000 -20,200000
832 1682701252 0,002128 376,000000 39,200000 39,200000 -20,200000
832 1682701253 0,002128 376,000000 40,000000 40,000000 -20,200000
832 1682701254 -0,005817 378,200000 37,800000 37,800000 -20,200000
832 1682701255 -0,005817 378,200000 35,600000 35,600000 -20,200000
832 1682701256 -0,005817 378,200000 33,400000 33,400000 -20,200000
832 1682701257 -0,005817 378,200000 31,200000 31,200000 -20,200000
832 1682701258 -0,005817 378,200000 29,000000 29,000000 -20,200000
832 1682701259 -0,001052 380,400000 28,600000 28,600000 -20,200000
832 1682701260 -0,001052 380,400000 28,200000 28,200000 -20,200000
832 1682701261 -0,001052 380,400000 27,800000 27,800000 -20,200000
832 1682701262 -0,001052 380,400000 27,400000 27,400000 -20,200000
832 1682701263 -0,001052 380,400000 27,000000 27,000000 -20,200000
832 1682701264 0,002090 382,800000 27,800000 27,800000 -20,200000
832 1682701265 0,002090 382,800000 28,600000 28,600000 -20,200000
832 1682701266 0,002090 382,800000 29,400000 29,400000 -20,200000
832 1682701267 0,002090 382,800000 30,200000 30,200000 -20,200000
832 1682701268 0,002090 382,800000 31,000000 31,000000 -20,200000
832 1682701269 -0,001039 385,000000 30,600000 30,600000 -20,200000
832 1682701270 -0,001039 385,000000 30,200000 30,200000 -20,200000
832 1682701271 -0,001039 385,000000 29,800000 29,800000 -20,200000
832 1682701272 -0,001039 385,000000 29,400000 29,400000 -20,200000
832 1682701273 -0,001039 385,000000 29,000000 29,000000 -20,200000
832 1682701274 0,001034 386,800000 29,400000 29,400000 -20,200000
832 1682701275 0,001034 386,800000 29,800000 29,800000 -20,200000
832 1682701276 0,001034 386,800000 30,200000 30,200000 -20,200000
832 1682701277 0,001034 386,800000 30,600000 30,600000 -20,200000
832 1682701278 0,001034 386,800000 31,000000 31,000000 -20,200000
832 1682701279 0,001539 389,800000 31,600000 31,600000 -20,200000
832 1682701280 0,001539 389,800000 32,200000 32,200000 -20,200000
832 1682701281 0,001539 389,800000 32,800000 32,800000 -20,200000
832 1682701282 0,001539 389,800000 33,400000 33,400000 -20,200000
832 1682701283 0,001539 389,800000 34,000000 34,000000 -20,200000
832 1682701284 -0,003063 391,800000 32,800000 32,800000 -20,200000
832 1682701285 -0,003063 391,800000 31,600000 31,600000 -20,200000
832 1682701286 -0,003063 391,800000 30,400000 30,400000 -20,200000
832 1682701287 -0,003063 391,800000 29,200000 29,200000 -20,200000
832 1682701288 -0,003063 391,800000 28,000000 28,000000 -20,200000
832 1682701289 0,000508 393,600000 28,200000 28,200000 -20,200000
832 1682701290 0,000508 393,600000 28,400000 28,400000 -20,200000
832 1682701291 0,000508 393,600000 28,600000 28,600000 -20,200000
832 1682701292 0,000508 393,600000 28,800000 28,800000 -20,200000
832 1682701293 0,000508 393,600000 29,000000 29,000000 -20,200000
832 1682701294 0,001514 396,200000 29,600000 29,600000 -20,200000
832 1682701295 0,001514 396,200000 30,200000 30,200000 -20,200000
832 1682701296 0,001514 396,200000 30,800000 30,800000 -20,200000
832 1682701297 0,001514 396,200000 31,400000 31,400000 -20,200000
832 1682701298 0,001514 396,200000 32,000000 32,000000 -20,200000
832 1682701299 -0,000502 398,600000 31,800000 31,800000 -20,200000
832 1682701300 -0,000502 398,600000 31,600000 31,600000 -20,200000
832 1682701301 -0,000502 398,600000 31,400000 31,400000 -20,200000
832 1682701302 -0,000502 398,600000 31,200000 31,200000 -20,200000
832 1682701303 -0,000502 398,600000 31,000000 31,000000 -20,200000
832 1682701304 0,002498 400,400000 32,000000 32,000000 -20,200000
832 1682701305 0,002498 400,400000 33,000000 33,000000 -20,200000
832 1682701306 0,002498 400,400000 34,000000 34,000000 -20,200000
832 1682701307 0,002498 400,400000 35,000000 35,000000 -20,200000
832 1682701308 0,002498 400,400000 36,000000 36,000000 -20,200000
832 1682701309 -0,001491 402,400000 35,400000 35,400000 -20,200000
832 1682701310 -0,001491 402,400000 34,800000 34,800000 -20,200000
832 1682701311 -0,001491 402,400000 34,200000 34,200000 -20,200000
832 1682701312 -0,001491 402,400000 33,600000 33,600000 -20,200000
832 1682701313 -0,001491 402,400000 33,000000 33,000000 -20,200000
832 1682701314 -0,005432 405,000000 30,800000 30,800000 -20,200000
832 1682701315 -0,005432 405,000000 28,600000 28,600000 -20,200000
832 1682701316 -0,005432 405,000000 26,400000 26,400000 -20,200000
832 1682701317 -0,005432 405,000000 24,200000 24,200000 -20,200000
832 1682701318 -0,005432 405,000000 22,000000 22,000000 -20,200000
832 1682701319 0,001474 407,000000 22,600000 22,600000 -20,200000
832 1682701320 0,001474 407,000000 23,200000 23,200000 -20,200000
832 1682701321 0,001474 407,000000 23,800000 23,800000 -20,200000
832 1682701322 0,001474 407,000000 24,400000 24,400000 -20,200000
832 1682701323 0,001474 407,000000 25,000000 25,000000 -20,200000
832 1682701324 0,006351 409,400000 27,600000 27,600000 -20,200000
832 1682701325 0,006351 409,400000 30,200000 30,200000 -20,200000
832 1682701326 0,006351 409,400000 32,800000 32,800000 -20,200000
832 1682701327 0,006351 409,400000 35,400000 35,400000 -20,200000
832 1682701328 0,006351 409,400000 38,000000 38,000000 -20,200000
832 1682701329 0,000000 411,400000 38,000000 38,000000 -20,200000
832 1682701330 0,000000 411,400000 38,000000 38,000000 -20,200000
832 1682701331 0,000000 411,400000 38,000000 38,000000 -20,200000
832 1682701332 0,000000 411,400000 38,000000 38,000000 -20,200000
832 1682701333 0,000000 411,400000 38,000000 38,000000 -20,200000
832 1682701334 -0,001934 413,600000 37,200000 37,200000 -20,200000
832 1682701335 -0,001934 413,600000 36,400000 36,400000 -20,200000
832 1682701336 -0,001934 413,600000 35,600000 35,600000 -20,200000
832 1682701337 -0,001934 413,600000 34,800000 34,800000 -20,200000
832 1682701338 -0,001934 413,600000 34,000000 34,000000 -20,200000
832 1682701339 -0,003365 416,000000 32,600000 32,600000 -20,200000
832 1682701340 -0,003365 416,000000 31,200000 31,200000 -20,200000
832 1682701341 -0,003365 416,000000 29,800000 29,800000 -20,200000
832 1682701342 -0,003365 416,000000 28,400000 28,400000 -20,200000
832 1682701343 -0,003365 416,000000 27,000000 27,000000 -20,200000
832 1682701344 0,000956 418,400000 27,400000 27,400000 -20,200000
832 1682701345 0,000956 418,400000 27,800000 27,800000 -20,200000
832 1682701346 0,000956 418,400000 28,200000 28,200000 -20,200000
832 1682701347 0,000956 418,400000 28,600000 28,600000 -20,200000
832 1682701348 0,000956 418,400000 29,000000 29,000000 -20,200000
832 1682701349 0,002380 420,200000 30,000000 30,000000 -20,200000
832 1682701350 0,002380 420,200000 31,000000 31,000000 -20,200000
832 1682701351 0,002380 420,200000 32,000000 32,000000 -20,200000
832 1682701352 0,002380 420,200000 33,000000 33,000000 -20,200000
832 1682701353 0,002380 420,200000 34,000000 34,000000 -20,200000
832 1682701354 0,003318 422,000000 35,400000 35,400000 -20,200000
832 1682701355 0,003318 422,000000 36,800000 36,800000 -20,200000
832 1682701356 0,003318 422,000000 38,200000 38,200000 -20,200000
832 1682701357 0,003318 422,000000 39,600000 39,600000 -20,200000
832 1682701358 0,003318 422,000000 41,000000 41,000000 -20,200000
832 1682701359 -0,005181 424,600000 38,800000 38,800000 -20,200000
832 1682701360 -0,005181 424,600000 36,600000 36,600000 -20,200000
832 1682701361 -0,005181 424,600000 34,400000 34,400000 -20,200000
832 1682701362 -0,005181 424,600000 32,200000 32,200000 -20,200000
832 1682701363 -0,005181 424,600000 30,000000 30,000000 -20,200000
832 1682701364 -0,002812 426,800000 28,800000 28,800000 -20,200000
832 1682701365 -0,002812 426,800000 27,600000 27,600000 -20,200000
832 1682701366 -0,002812 426,800000 26,400000 26,400000 -20,200000
832 1682701367 -0,002812 426,800000 25,200000 25,200000 -20,200000
832 1682701368 -0,002812 426,800000 24,000000 24,000000 -20,200000
832 1682701369 0,004198 428,800000 25,800000 25,800000 -20,200000
832 1682701370 0,004198 428,800000 27,600000 27,600000 -20,200000
832 1682701371 0,004198 428,800000 29,400000 29,400000 -20,200000
832 1682701372 0,004198 428,800000 31,200000 31,200000 -20,200000
832 1682701373 0,004198 428,800000 33,000000 33,000000 -20,200000
832 1682701374 -0,000928 431,200000 32,600000 32,600000 -20,200000
832 1682701375 -0,000928 431,200000 32,200000 32,200000 -20,200000
832 1682701376 -0,000928 431,200000 31,800000 31,800000 -20,200000
832 1682701377 -0,000928 431,200000 31,400000 31,400000 -20,200000
832 1682701378 -0,000928 431,200000 31,000000 31,000000 -20,200000
832 1682701379 0,001384 433,400000 31,600000 31,600000 -20,200000
832 1682701380 0,001384 433,400000 32,200000 32,200000 -20,200000
832 1682701381 0,001384 433,400000 32,800000 32,800000 -20,200000
832 1682701382 0,001384 433,400000 33,400000 33,400000 -20,200000
832 1682701383 0,001384 433,400000 34,000000 34,000000 -20,200000
832 1682701384 -0,000918 435,800000 33,600000 33,600000 -20,200000
832 1682701385 -0,000918 435,800000 33,200000 33,200000 -20,200000
832 1682701386 -0,000918 435,800000 32,800000 32,800000 -20,200000
832 1682701387 -0,000918 435,800000 32,400000 32,400000 -20,200000
832 1682701388 -0,000918 435,800000 32,000000 32,000000 -20,200000
832 1682701389 0,000000 437,800000 32,000000 32,000000 -20,200000
832 1682701390 0,000000 437,800000 32,000000 32,000000 -20,200000
832 1682701391 0,000000 437,800000 32,000000 32,000000 -20,200000
832 1682701392 0,000000 437,800000 32,000000 32,000000 -20,200000
832 1682701393 0,000000 437,800000 32,000000 32,000000 -20,200000
832 1682701394 -0,002273 440,000000 31,000000 31,000000 -20,200000
832 1682701395 -0,002273 440,000000 30,000000 30,000000 -20,200000
832 1682701396 -0,002273 440,000000 29,000000 29,000000 -20,200000
832 1682701397 -0,002273 440,000000 28,000000 28,000000 -20,200000
832 1682701398 -0,002273 440,000000 27,000000 27,000000 -20,200000
832 1682701399 0,001357 442,000000 27,600000 27,600000 -20,200000
832 1682701400 0,001357 442,000000 28,200000 28,200000 -20,200000
832 1682701401 0,001357 442,000000 28,800000 28,800000 -20,200000
832 1682701402 0,001357 442,000000 29,400000 29,400000 -20,200000
832 1682701403 0,001357 442,000000 30,000000 30,000000 -20,200000
832 1682701404 0,002249 444,600000 31,000000 31,000000 -20,200000
832 1682701405 0,002249 444,600000 32,000000 32,000000 -20,200000
832 1682701406 0,002249 444,600000 33,000000 33,000000 -20,200000
832 1682701407 0,002249 444,600000 34,000000 34,000000 -20,200000
832 1682701408 0,002249 444,600000 35,000000 35,000000 -20,200000
832 1682701409 -0,001343 446,600000 34,400000 34,400000 -20,200000
832 1682701410 -0,001343 446,600000 33,800000 33,800000 -20,200000
832 1682701411 -0,001343 446,600000 33,200000 33,200000 -20,200000
832 1682701412 -0,001343 446,600000 32,600000 32,600000 -20,200000
832 1682701413 -0,001343 446,600000 32,000000 32,000000 -20,200000
832 1682701414 -0,000892 448,400000 31,600000 31,600000 -20,200000
832 1682701415 -0,000892 448,400000 31,200000 31,200000 -20,200000
832 1682701416 -0,000892 448,400000 30,800000 30,800000 -20,200000
832 1682701417 -0,000892 448,400000 30,400000 30,400000 -20,200000
832 1682701418 -0,000892 448,400000 30,000000 30,000000 -20,200000
832 1682701419 -0,000887 451,000000 29,600000 29,600000 -20,200000
832 1682701420 -0,000887 451,000000 29,200000 29,200000 -20,200000
832 1682701421 -0,000887 451,000000 28,800000 28,800000 -20,200000
832 1682701422 -0,000887 451,000000 28,400000 28,400000 -20,200000
832 1682701423 -0,000887 451,000000 28,000000 28,000000 -20,200000
832 1682701424 -0,002206 453,400000 27,000000 27,000000 -20,200000
832 1682701425 -0,002206 453,400000 26,000000 26,000000 -20,200000
832 1682701426 -0,002206 453,400000 25,000000 25,000000 -20,200000
832 1682701427 -0,002206 453,400000 24,000000 24,000000 -20,200000
832 1682701428 -0,002206 453,400000 23,000000 23,000000 -20,200000
832 1682701429 0,005275 455,000000 25,400000 25,400000 -20,200000
832 1682701430 0,005275 455,000000 27,800000 27,800000 -20,200000
832 1682701431 0,005275 455,000000 30,200000 30,200000 -20,200000
832 1682701432 0,005275 455,000000 32,600000 32,600000 -20,200000
832 1682701433 0,005275 455,000000 35,000000 35,000000 -20,200000
832 1682701434 0,000874 457,600000 35,400000 35,400000 -20,200000
832 1682701435 0,000874 457,600000 35,800000 35,800000 -20,200000
832 1682701436 0,000874 457,600000 36,200000 36,200000 -20,200000
832 1682701437 0,000874 457,600000 36,600000 36,600000 -20,200000
832 1682701438 0,000874 457,600000 37,000000 37,000000 -20,200000
832 1682701439 -0,004783 460,000000 34,800000 34,800000 -20,200000
832 1682701440 -0,004783 460,000000 32,600000 32,600000 -20,200000
832 1682701441 -0,004783 460,000000 30,400000 30,400000 -20,200000
832 1682701442 -0,004783 460,000000 28,200000 28,200000 -20,200000
832 1682701443 -0,004783 460,000000 26,000000 26,000000 -20,200000
832 1682701444 0,000433 462,000000 26,200000 26,200000 -20,200000
832 1682701445 0,000433 462,000000 26,400000 26,400000 -20,200000
832 1682701446 0,000433 462,000000 26,600000 26,600000 -20,200000
832 1682701447 0,000433 462,000000 26,800000 26,800000 -20,200000
832 1682701448 0,000433 462,000000 27,000000 27,000000 -20,200000
832 1682701449 0,003016 464,200000 28,400000 28,400000 -20,200000
832 1682701450 0,003016 464,200000 29,800000 29,800000 -20,200000
832 1682701451 0,003016 464,200000 31,200000 31,200000 -20,200000
832 1682701452 0,003016 464,200000 32,600000 32,600000 -20,200000
832 1682701453 0,003016 464,200000 34,000000 34,000000 -20,200000
832 1682701454 -0,001286 466,400000 33,400000 33,400000 -20,200000
832 1682701455 -0,001286 466,400000 32,800000 32,800000 -20,200000
832 1682701456 -0,001286 466,400000 32,200000 32,200000 -20,200000
832 1682701457 -0,001286 466,400000 31,600000 31,600000 -20,200000
832 1682701458 -0,001286 466,400000 31,000000 31,000000 -20,200000
832 1682701459 0,001709 468,200000 31,800000 31,800000 -20,200000
832 1682701460 0,001709 468,200000 32,600000 32,600000 -20,200000
832 1682701461 0,001709 468,200000 33,400000 33,400000 -20,200000
832 1682701462 0,001709 468,200000 34,200000 34,200000 -20,200000
832 1682701463 0,001709 468,200000 35,000000 35,000000 -20,200000
832 1682701464 -0,001698 471,200000 34,200000 34,200000 -20,200000
832 1682701465 -0,001698 471,200000 33,400000 33,400000 -20,200000
832 1682701466 -0,001698 471,200000 32,600000 32,600000 -20,200000
832 1682701467 -0,001698 471,200000 31,800000 31,800000 -20,200000
832 1682701468 -0,001698 471,200000 31,000000 31,000000 -20,200000
832 1682701469 -0,001691 473,200000 30,200000 30,200000 -20,200000
832 1682701470 -0,001691 473,200000 29,400000 29,400000 -20,200000
832 1682701471 -0,001691 473,200000 28,600000 28,600000 -20,200000
832 1682701472 -0,001691 473,200000 27,800000 27,800000 -20,200000
832 1682701473 -0,001691 473,200000 27,000000 27,000000 -20,200000
832 1682701474 0,002947 475,000000 28,400000 28,400000 -20,200000
832 1682701475 0,002947 475,000000 29,800000 29,800000 -20,200000
832 1682701476 0,002947 475,000000 31,200000 31,200000 -20,200000
832 1682701477 0,002947 475,000000 32,600000 32,600000 -20,200000
832 1682701478 0,002947 475,000000 34,000000 34,000000 -20,200000
832 1682701479 -0,000419 477,600000 33,800000 33,800000 -20,200000
832 1682701480 -0,000419 477,600000 33,600000 33,600000 -20,200000
832 1682701481 -0,000419 477,600000 33,400000 33,400000 -20,200000
832 1682701482 -0,000419 477,600000 33,200000 33,200000 -20,200000
832 1682701483 -0,000419 477,600000 33,000000 33,000000 -20,200000
832 1682701484 -0,000833 480,000000 32,600000 32,600000 -20,200000
832 1682701485 -0,000833 480,000000 32,200000 32,200000 -20,200000
832 1682701486 -0,000833 480,000000 31,800000 31,800000 -20,200000
832 1682701487 -0,000833 480,000000 31,400000 31,400000 -20,200000
832 1682701488 -0,000833 480,000000 31,000000 31,000000 -20,200000
832 1682701489 0,000831 481,600000 31,400000 31,400000 -20,200000
832 1682701490 0,000831 481,600000 31,800000 31,800000 -20,200000
832 1682701491 0,000831 481,600000 32,200000 32,200000 -20,200000
832 1682701492 0,000831 481,600000 32,600000 32,600000 -20,200000
832 1682701493 0,000831 481,600000 33,000000 33,000000 -20,200000
832 1682701494 0,000000 484,000000 33,000000 33,000000 -20,200000
832 1682701495 0,000000 484,000000 33,000000 33,000000 -20,200000
832 1682701496 0,000000 484,000000 33,000000 33,000000 -20,200000
832 1682701497 0,000000 484,000000 33,000000 33,000000 -20,200000
832 1682701498 0,000000 484,000000 33,000000 33,000000 -20,200000
832 1682701499 -0,004523 486,400000 30,800000 30,800000 -20,200000
832 1682701500 -0,004523 486,400000 28,600000 28,600000 -20,200000
832 1682701501 -0,004523 486,400000 26,400000 26,400000 -20,200000
832 1682701502 -0,004523 486,400000 24,200000 24,200000 -20,200000
832 1682701503 -0,004523 486,400000 22,000000 22,000000 -20,200000
832 1682701504 0,004095 488,400000 24,000000 24,000000 -20,200000
832 1682701505 0,004095 488,400000 26,000000 26,000000 -20,200000
832 1682701506 0,004095 488,400000 28,000000 28,000000 -20,200000
832 1682701507 0,004095 488,400000 30,000000 30,000000 -20,200000
832 1682701508 0,004095 488,400000 32,000000 32,000000 -20,200000
832 1682701509 0,002037 491,000000 33,000000 33,000000 -20,200000
832 1682701510 0,002037 491,000000 34,000000 34,000000 -20,200000
832 1682701511 0,002037 491,000000 35,000000 35,000000 -20,200000
832 1682701512 0,002037 491,000000 36,000000 36,000000 -20,200000
832 1682701513 0,002037 491,000000 37,000000 37,000000 -20,200000
832 1682701514 -0,003651 493,000000 35,200000 35,200000 -20,200000
832 1682701515 -0,003651 493,000000 33,400000 33,400000 -20,200000
832 1682701516 -0,003651 493,000000 31,600000 31,600000 -20,200000
832 1682701517 -0,003651 493,000000 29,800000 29,800000 -20,200000
832 1682701518 -0,003651 493,000000 28,000000 28,000000 -20,200000
832 1682701519 0,000404 495,000000 28,200000 28,200000 -20,200000
832 1682701520 0,000404 495,000000 28,400000 28,400000 -20,200000
832 1682701521 0,000404 495,000000 28,600000 28,600000 -20,200000
832 1682701522 0,000404 495,000000 28,800000 28,800000 -20,200000
832 1682701523 0,000404 495,000000 29,000000 29,000000 -20,200000
832 1682701524 0,000000 497,800000 29,000000 29,000000 -20,200000
832 1682701525 0,000000 497,800000 29,000000 29,000000 -20,200000
832 1682701526 0,000000 497,800000 29,000000 29,000000 -20,200000
832 1682701527 0,000000 497,800000 29,000000 29,000000 -20,200000
832 1682701528 0,000000 497,800000 29,000000 29,000000 -20,200000
832 1682701529 0,000800 500,000000 29,400000 29,400000 -20,200000
832 1682701530 0,000800 500,000000 29,800000 29,800000 -20,200000
832 1682701531 0,000800 500,000000 30,200000 30,200000 -20,200000
832 1682701532 0,000800 500,000000 30,600000 30,600000 -20,200000
832 1682701533 0,000800 500,000000 31,000000 31,000000 -20,200000
832 1682701534 0,003190 501,600000 32,600000 32,600000 -20,200000
832 1682701535 0,003190 501,600000 34,200000 34,200000 -20,200000
832 1682701536 0,003190 501,600000 35,800000 35,800000 -20,200000
832 1682701537 0,003190 501,600000 37,400000 37,400000 -20,200000
832 1682701538 0,003190 501,600000 39,000000 39,000000 -20,200000
832 1682701539 -0,003569 504,400000 37,200000 37,200000 -20,200000
832 1682701540 -0,003569 504,400000 35,400000 35,400000 -20,200000
832 1682701541 -0,003569 504,400000 33,600000 33,600000 -20,200000
832 1682701542 -0,003569 504,400000 31,800000 31,800000 -20,200000
832 1682701543 -0,003569 504,400000 30,000000 30,000000 -20,200000
832 1682701544 -0,001185 506,400000 29,400000 29,400000 -20,200000
832 1682701545 -0,001185 506,400000 28,800000 28,800000 -20,200000
832 1682701546 -0,001185 506,400000 28,200000 28,200000 -20,200000
832 1682701547 -0,001185 506,400000 27,600000 27,600000 -20,200000
832 1682701548 -0,001185 506,400000 27,000000 27,000000 -20,200000
832 1682701549 0,002360 508,400000 28,200000 28,200000 -20,200000
832 1682701550 0,002360 508,400000 29,400000 29,400000 -20,200000
832 1682701551 0,002360 508,400000 30,600000 30,600000 -20,200000
832 1682701552 0,002360 508,400000 31,800000 31,800000 -20,200000
832 1682701553 0,002360 508,400000 33,000000 33,000000 -20,200000
832 1682701554 0,001568 510,200000 33,800000 33,800000 -20,200000
832 1682701555 0,001568 510,200000 34,600000 34,600000 -20,200000
832 1682701556 0,001568 510,200000 35,400000 35,400000 -20,200000
832 1682701557 0,001568 510,200000 36,200000 36,200000 -20,200000
832 1682701558 0,001568 510,200000 37,000000 37,000000 -20,200000
832 1682701559 -0,001951 512,600000 36,000000 36,000000 -20,200000
832 1682701560 -0,001951 512,600000 35,000000 35,000000 -20,200000
832 1682701561 -0,001951 512,600000 34,000000 34,000000 -20,200000
832 1682701562 -0,001951 512,600000 33,000000 33,000000 -20,200000
832 1682701563 -0,001951 512,600000 32,000000 32,000000 -20,200000
832 1682701564 -0,001555 514,600000 31,200000 31,200000 -20,200000
832 1682701565 -0,001555 514,600000 30,400000 30,400000 -20,200000
832 1682701566 -0,001555 514,600000 29,600000 29,600000 -20,200000
832 1682701567 -0,001555 514,600000 28,800000 28,800000 -20,200000
832 1682701568 -0,001555 514,600000 28,000000 28,000000 -20,200000
832 1682701569 0,000000 517,400000 28,000000 28,000000 -20,200000
832 1682701570 0,000000 517,400000 28,000000 28,000000 -20,200000
832 1682701571 0,000000 517,400000 28,000000 28,000000 -20,200000
832 1682701572 0,000000 517,400000 28,000000 28,000000 -20,200000
832 1682701573 0,000000 517,400000 28,000000 28,000000 -20,200000
832 1682701574 0,001540 519,400000 28,800000 28,800000 -20,200000
832 1682701575 0,001540 519,400000 29,600000 29,600000 -20,200000
832 1682701576 0,001540 519,400000 30,400000 30,400000 -20,200000
832 1682701577 0,001540 519,400000 31,200000 31,200000 -20,200000
832 1682701578 0,001540 519,400000 32,000000 32,000000 -20,200000
832 1682701579 -0,000384 521,400000 31,800000 31,800000 -20,200000
832 1682701580 -0,000384 521,400000 31,600000 31,600000 -20,200000
832 1682701581 -0,000384 521,400000 31,400000 31,400000 -20,200000
832 1682701582 -0,000384 521,400000 31,200000 31,200000 -20,200000
832 1682701583 -0,000384 521,400000 31,000000 31,000000 -20,200000
832 1682701584 0,001909 523,800000 32,000000 32,000000 -20,200000
832 1682701585 0,001909 523,800000 33,000000 33,000000 -20,200000
832 1682701586 0,001909 523,800000 34,000000 34,000000 -20,200000
832 1682701587 0,001909 523,800000 35,000000 35,000000 -20,200000
832 1682701588 0,001909 523,800000 36,000000 36,000000 -20,200000
832 1682701589 -0,001900 526,200000 35,000000 35,000000 -20,200000
832 1682701590 -0,001900 526,200000 34,000000 34,000000 -20,200000
832 1682701591 -0,001900 526,200000 33,000000 33,000000 -20,200000
832 1682701592 -0,001900 526,200000 32,000000 32,000000 -20,200000
832 1682701593 -0,001900 526,200000 31,000000 31,000000 -20,200000
832 1682701594 -0,000758 528,000000 30,600000 30,600000 -20,200000
832 1682701595 -0,000758 528,000000 30,200000 30,200000 -20,200000
832 1682701596 -0,000758 528,000000 29,800000 29,800000 -20,200000
832 1682701597 -0,000758 528,000000 29,400000 29,400000 -20,200000
832 1682701598 -0,000758 528,000000 29,000000 29,000000 -20,200000
832 1682701599 0,001132 530,200000 29,600000 29,600000 -20,200000
832 1682701600 0,001132 530,200000 30,200000 30,200000 -20,200000
832 1682701601 0,001132 530,200000 30,800000 30,800000 -20,200000
832 1682701602 0,001132 530,200000 31,400000 31,400000 -20,200000
832 1682701603 0,001132 530,200000 32,000000 32,000000 -20,200000
832 1682701604 -0,001502 532,800000 31,200000 31,200000 -20,200000
832 1682701605 -0,001502 532,800000 30,400000 30,400000 -20,200000
832 1682701606 -0,001502 532,800000 29,600000 29,600000 -20,200000
832 1682701607 -0,001502 532,800000 28,800000 28,800000 -20,200000
832 1682701608 -0,001502 532,800000 28,000000 28,000000 -20,200000
832 1682701609 0,001869 535,000000 29,000000 29,000000 -20,200000
832 1682701610 0,001869 535,000000 30,000000 30,000000 -20,200000
832 1682701611 0,001869 535,000000 31,000000 31,000000 -20,200000
832 1682701612 0,001869 535,000000 32,000000 32,000000 -20,200000
832 1682701613 0,001869 535,000000 33,000000 33,000000 -20,200000
832 1682701614 0,001117 537,000000 33,600000 33,600000 -20,200000
832 1682701615 0,001117 537,000000 34,200000 34,200000 -20,200000
832 1682701616 0,001117 537,000000 34,800000 34,800000 -20,200000
832 1682701617 0,001117 537,000000 35,400000 35,400000 -20,200000
832 1682701618 0,001117 537,000000 36,000000 36,000000 -20,200000
832 1682701619 -0,003708 539,400000 34,000000 34,000000 -20,200000
832 1682701620 -0,003708 539,400000 32,000000 32,000000 -20,200000
832 1682701621 -0,003708 539,400000 30,000000 30,000000 -20,200000
832 1682701622 -0,003708 539,400000 28,000000 28,000000 -20,200000
832 1682701623 -0,003708 539,400000 26,000000 26,000000 -20,200000
832 1682701624 0,000369 541,600000 26,200000 26,200000 -20,200000
832 1682701625 0,000369 541,600000 26,400000 26,400000 -20,200000
832 1682701626 0,000369 541,600000 26,600000 26,600000 -20,200000
832 1682701627 0,000369 541,600000 26,800000 26,800000 -20,200000
832 1682701628 0,000369 541,600000 27,000000 27,000000 -20,200000
832 1682701629 0,001103 544,000000 27,600000 27,600000 -20,200000
832 1682701630 0,001103 544,000000 28,200000 28,200000 -20,200000
832 1682701631 0,001103 544,000000 28,800000 28,800000 -20,200000
832 1682701632 0,001103 544,000000 29,400000 29,400000 -20,200000
832 1682701633 0,001103 544,000000 30,000000 30,000000 -20,200000
832 1682701634 0,002563 546,200000 31,400000 31,400000 -20,200000
832 1682701635 0,002563 546,200000 32,800000 32,800000 -20,200000
832 1682701636 0,002563 546,200000 34,200000 34,200000 -20,200000
832 1682701637 0,002563 546,200000 35,600000 35,600000 -20,200000
832 1682701638 0,002563 546,200000 37,000000 37,000000 -20,200000
832 1682701639 -0,001459 548,200000 36,200000 36,200000 -20,200000
832 1682701640 -0,001459 548,200000 35,400000 35,400000 -20,200000
832 1682701641 -0,001459 548,200000 34,600000 34,600000 -20,200000
832 1682701642 -0,001459 548,200000 33,800000 33,800000 -20,200000
832 1682701643 -0,001459 548,200000 33,000000 33,000000 -20,200000
832 1682701644 -0,002908 550,200000 31,400000 31,400000 -20,200000
832 1682701645 -0,002908 550,200000 29,800000 29,800000 -20,200000
832 1682701646 -0,002908 550,200000 28,200000 28,200000 -20,200000
832 1682701647 -0,002908 550,200000 26,600000 26,600000 -20,200000
832 1682701648 -0,002908 550,200000 25,000000 25,000000 -20,200000
832 1682701649 0,000000 553,000000 25,000000 25,000000 -20,200000
832 1682701650 0,000000 553,000000 25,000000 25,000000 -20,200000
832 1682701651 0,000000 553,000000 25,000000 25,000000 -20,200000
832 1682701652 0,000000 553,000000 25,000000 25,000000 -20,200000
832 1682701653 0,000000 553,000000 25,000000 25,000000 -20,200000
832 1682701654 0,001081 554,800000 25,600000 25,600000 -20,200000
832 1682701655 0,001081 554,800000 26,200000 26,200000 -20,200000
832 1682701656 0,001081 554,800000 26,800000 26,800000 -20,200000
832 1682701657 0,001081 554,800000 27,400000 27,400000 -20,200000
832 1682701658 0,001081 554,800000 28,000000 28,000000 -20,200000
832 1682701659 0,003593 556,600000 30,000000 30,000000 -20,200000
832 1682701660 0,003593 556,600000 32,000000 32,000000 -20,200000
832 1682701661 0,003593 556,600000 34,000000 34,000000 -20,200000
832 1682701662 0,003593 556,600000 36,000000 36,000000 -20,200000
832 1682701663 0,003593 556,600000 38,000000 38,000000 -20,200000
832 1682701664 -0,000715 559,400000 37,600000 37,600000 -20,200000
832 1682701665 -0,000715 559,400000 37,200000 37,200000 -20,200000
832 1682701666 -0,000715 559,400000 36,800000 36,800000 -20,200000
832 1682701667 -0,000715 559,400000 36,400000 36,400000 -20,200000
832 1682701668 -0,000715 559,400000 36,000000 36,000000 -20,200000
832 1682701669 -0,004984 561,800000 33,200000 33,200000 -20,200000
832 1682701670 -0,004984 561,800000 30,400000 30,400000 -20,200000
832 1682701671 -0,004984 561,800000 27,600000 27,600000 -20,200000
832 1682701672 -0,004984 561,800000 24,800000 24,800000 -20,200000
832 1682701673 -0,004984 561,800000 22,000000 22,000000 -20,200000
832 1682701674 0,004615 563,400000 24,600000 24,600000 -20,200000
832 1682701675 0,004615 563,400000 27,200000 27,200000 -20,200000
832 1682701676 0,004615 563,400000 29,800000 29,800000 -20,200000
832 1682701677 0,004615 563,400000 32,400000 32,400000 -20,200000
832 1682701678 0,004615 563,400000 35,000000 35,000000 -20,200000
832 1682701679 0,000707 565,800000 35,400000 35,400000 -20,200000
832 1682701680 0,000707 565,800000 35,800000 35,800000 -20,200000
832 1682701681 0,000707 565,800000 36,200000 36,200000 -20,200000
832 1682701682 0,000707 565,800000 36,600000 36,600000 -20,200000
832 1682701683 0,000707 565,800000 37,000000 37,000000 -20,200000
832 1682701684 -0,003169 568,000000 35,200000 35,200000 -20,200000
832 1682701685 -0,003169 568,000000 33,400000 33,400000 -20,200000
832 1682701686 -0,003169 568,000000 31,600000 31,600000 -20,200000
832 1682701687 -0,003169 568,000000 29,800000 29,800000 -20,200000
832 1682701688 -0,003169 568,000000 28,000000 28,000000 -20,200000
832 1682701689 0,002457 569,800000 29,400000 29,400000 -20,200000
832 1682701690 0,002457 569,800000 30,800000 30,800000 -20,200000
832 1682701691 0,002457 569,800000 32,200000 32,200000 -20,200000
832 1682701692 0,002457 569,800000 33,600000 33,600000 -20,200000
832 1682701693 0,002457 569,800000 35,000000 35,000000 -20,200000
832 1682701694 -0,000349 572,400000 34,800000 34,800000 -20,200000
832 1682701695 -0,000349 572,400000 34,600000 34,600000 -20,200000
832 1682701696 -0,000349 572,400000 34,400000 34,400000 -20,200000
832 1682701697 -0,000349 572,400000 34,200000 34,200000 -20,200000
832 1682701698 -0,000349 572,400000 34,000000 34,000000 -20,200000
832 1682701699 -0,002786 574,400000 32,400000 32,400000 -20,200000
832 1682701700 -0,002786 574,400000 30,800000 30,800000 -20,200000
832 1682701701 -0,002786 574,400000 29,200000 29,200000 -20,200000
832 1682701702 -0,002786 574,400000 27,600000 27,600000 -20,200000
832 1682701703 -0,002786 574,400000 26,000000 26,000000 -20,200000
832 1682701704 0,001387 576,600000 26,800000 26,800000 -20,200000
832 1682701705 0,001387 576,600000 27,600000 27,600000 -20,200000
832 1682701706 0,001387 576,600000 28,400000 28,400000 -20,200000
832 1682701707 0,001387 576,600000 29,200000 29,200000 -20,200000
832 1682701708 0,001387 576,600000 30,000000 30,000000 -20,200000
832 1682701709 0,001036 579,200000 30,600000 30,600000 -20,200000
832 1682701710 0,001036 579,200000 31,200000 31,200000 -20,200000
832 1682701711 0,001036 579,200000 31,800000 31,800000 -20,200000
832 1682701712 0,001036 579,200000 32,400000 32,400000 -20,200000
832 1682701713 0,001036 579,200000 33,000000 33,000000 -20,200000
832 1682701714 0,000000 581,400000 33,000000 33,000000 -20,200000
832 1682701715 0,000000 581,400000 33,000000 33,000000 -20,200000
832 1682701716 0,000000 581,400000 33,000000 33,000000 -20,200000
832 1682701717 0,000000 581,400000 33,000000 33,000000 -20,200000
832 1682701718 0,000000 581,400000 33,000000 33,000000 -20,200000
832 1682701719 0,000343 583,000000 33,200000 33,200000 -20,200000
832 1682701720 0,000343 583,000000 33,400000 33,400000 -20,200000
832 1682701721 0,000343 583,000000 33,600000 33,600000 -20,200000
832 1682701722 0,000343 583,000000 33,800000 33,800000 -20,200000
832 1682701723 0,000343 583,000000 34,000000 34,000000 -20,200000
832 1682701724 -0,002389 586,000000 32,600000 32,600000 -20,200000
832 1682701725 -0,002389 586,000000 31,200000 31,200000 -20,200000
832 1682701726 -0,002389 586,000000 29,800000 29,800000 -20,200000
832 1682701727 -0,002389 586,000000 28,400000 28,400000 -20,200000
832 1682701728 -0,002389 586,000000 27,000000 27,000000 -20,200000
832 1682701729 -0,001020 588,200000 26,400000 26,400000 -20,200000
832 1682701730 -0,001020 588,200000 25,800000 25,800000 -20,200000
832 1682701731 -0,001020 588,200000 25,200000 25,200000 -20,200000
832 1682701732 -0,001020 588,200000 24,600000 24,600000 -20,200000
832 1682701733 -0,001020 588,200000 24,000000 24,000000 -20,200000
832 1682701734 0,004407 590,000000 26,600000 26,600000 -20,200000
832 1682701735 0,004407 590,000000 29,200000 29,200000 -20,200000
832 1682701736 0,004407 590,000000 31,800000 31,800000 -20,200000
832 1682701737 0,004407 590,000000 34,400000 34,400000 -20,200000
832 1682701738 0,004407 590,000000 37,000000 37,000000 -20,200000
832 1682701739 0,000338 592,400000 37,200000 37,200000 -20,200000
832 1682701740 0,000338 592,400000 37,400000 37,400000 -20,200000
832 1682701741 0,000338 592,400000 37,600000 37,600000 -20,200000
832 1682701742 0,000338 592,400000 37,800000 37,800000 -20,200000
832 1682701743 0,000338 592,400000 38,000000 38,000000 -20,200000
832 1682701744 -0,004038 594,400000 35,600000 35,600000 -20,200000
832 1682701745 -0,004038 594,400000 33,200000 33,200000 -20,200000
832 1682701746 -0,004038 594,400000 30,800000 30,800000 -20,200000
832 1682701747 -0,004038 594,400000 28,400000 28,400000 -20,200000
832 1682701748 -0,004038 594,400000 26,000000 26,000000 -20,200000
832 1682701749 0,002013 596,200000 27,200000 27,200000 -20,200000
832 1682701750 0,002013 596,200000 28,400000 28,400000 -20,200000
832 1682701751 0,002013 596,200000 29,600000 29,600000 -20,200000
832 1682701752 0,002013 596,200000 30,800000 30,800000 -20,200000
832 1682701753 0,002013 596,200000 32,000000 32,000000 -20,200000
832 1682701754 -0,001002 598,800000 31,400000 31,400000 -20,200000
832 1682701755 -0,001002 598,800000 30,800000 30,800000 -20,200000
832 1682701756 -0,001002 598,800000 30,200000 30,200000 -20,200000
