187 1682732618 0,400000 -1,000000 -101,000000 0,000000 0,000000
187 1682732619 0,400000 -1,000000 -101,000000 0,000000 0,000000
187 1682732620 0,400000 -1,000000 -101,000000 0,000000 0,000000
187 1682732621 0,400000 -1,000000 -101,000000 0,000000 0,000000
187 1682732622 0,400000 -1,000000 -101,000000 0,000000 0,000000
187 1682732633 0,400000 -1,000000 -101,000000 0,000000 0,000000
187 1682732634 0,400000 -1,000000 -101,000000 0,000000 0,000000
187 1682732635 0,400000 -1,000000 -101,000000 0,000000 0,000000
187 1682732636 0,400000 -1,000000 -101,000000 0,000000 0,000000
187 1682732637 0,400000 -1,000000 -101,000000 0,000000 0,000000
187 1682732658 0,200000 -1,000000 -101,000000 0,000000 0,000000
187 1682732659 0,200000 -1,000000 -101,000000 0,000000 0,000000
187 1682732660 0,200000 -1,000000 -101,000000 0,000000 0,000000
187 1682732661 0,200000 -1,000000 -101,000000 0,000000 0,000000
187 1682732662 0,200000 -1,000000 -101,000000 0,000000 0,000000
187 1682732678 0,200000 -1,000000 -101,000000 0,000000 0,000000
187 1682732679 0,200000 -1,000000 -101,000000 0,000000 0,000000
187 1682732680 0,200000 -1,000000 -101,000000 0,000000 0,000000
187 1682732681 0,200000 -1,000000 -101,000000 0,000000 0,000000
187 1682732682 0,200000 -1,000000 -101,000000 0,000000 0,000000
187 1682732688 0,600000 -1,000000 -101,000000 0,000000 0,000000
187 1682732689 0,600000 -1,000000 -101,000000 0,000000 0,000000
187 1682732690 0,600000 -1,000000 -101,000000 0,000000 0,000000
187 1682732691 0,600000 -1,000000 -101,000000 0,000000 0,000000
187 1682732692 0,600000 -1,000000 -101,000000 0,000000 0,000000
187 1682732693 0,200000 -1,000000 -101,000000 0,000000 0,000000
187 1682732694 0,200000 -1,000000 -101,000000 0,000000 0,000000
187 1682732695 0,200000 -1,000000 -101,000000 0,000000 0,000000
187 1682732696 0,200000 -1,000000 -101,000000 0,000000 0,000000
187 1682732697 0,200000 -1,000000 -101,000000 0,000000 0,000000
187 1682732738 0,200000 -1,000000 -101,000000 0,000000 0,000000
187 1682732739 0,200000 -1,000000 -101,000000 0,000000 0,000000
187 1682732740 0,200000 -1,000000 -101,000000 0,000000 0,000000
187 1682732741 0,200000 -1,000000 -101,000000 0,000000 0,000000
187 1682732742 0,200000 -1,000000 -101,000000 0,000000 0,000000
187 1682732743 0,200000 -1,000000 -101,000000 0,000000 0,000000
187 1682732744 0,200000 -1,000000 -101,000000 0,000000 0,000000
187 1682732745 0,200000 -1,000000 -101,000000 0,000000 0,000000
187 1682732746 0,200000 -1,000000 -101,000000 0,000000 0,000000
187 1682732747 0,200000 -1,000000 -101,000000 0,000000 0,000000
187 1682732748 0,200000 -1,000000 -101,000000 0,000000 0,000000
187 1682732749 0,200000 -1,000000 -101,000000 0,000000 0,000000
187 1682732750 0,200000 -1,000000 -101,000000 0,000000 0,000000
187 1682732751 0,200000 -1,000000 -101,000000 0,000000 0,000000
187 1682732752 0,200000 -1,000000 -101,000000 0,000000 0,000000
187 1682732758 0,200000 -1,000000 -101,000000 0,000000 0,000000
187 1682732759 0,200000 -1,000000 -101,000000 0,000000 0,000000
187 1682732760 0,200000 -1,000000 -101,000000 0,000000 0,000000
187 1682732761 0,200000 -1,000000 -101,000000 0,000000 0,000000
187 1682732762 0,200000 -1,000000 -101,000000 0,000000 0,000000
187 1682732763 0,600000 -1,000000 -101,000000 0,000000 0,000000
187 1682732764 0,600000 -1,000000 -101,000000 0,000000 0,000000
187 1682732765 0,600000 -1,000000 -101,000000 0,000000 0,000000
187 1682732766 0,600000 -1,000000 -101,000000 0,000000 0,000000
187 1682732767 0,600000 -1,000000 -101,000000 0,000000 0,000000
187 1682732768 0,200000 -1,000000 -101,000000 0,000000 0,000000
187 1682732769 0,200000 -1,000000 -101,000000 0,000000 0,000000
187 1682732770 0,200000 -1,000000 -101,000000 0,000000 0,000000
187 1682732771 0,200000 -1,000000 -101,000000 0,000000 0,000000
187 1682732772 0,200000 -1,000000 -101,000000 0,000000 0,000000
187 1682732773 0,200000 -1,000000 -101,000000 0,000000 0,000000
187 1682732774 0,200000 -1,000000 -101,000000 0,000000 0,000000
187 1682732775 0,200000 -1,000000 -101,000000 0,000000 0,000000
187 1682732776 0,200000 -1,000000 -101,000000 0,000000 0,000000
187 1682732777 0,200000 -1,000000 -101,000000 0,000000 0,000000
187 1682732778 0,200000 -1,000000 -101,000000 0,000000 0,000000
187 1682732779 0,200000 -1,000000 -101,000000 0,000000 0,000000
187 1682732780 0,200000 -1,000000 -101,000000 0,000000 0,000000
187 1682732781 0,200000 -1,000000 -101,000000 0,000000 0,000000
187 1682732782 0,200000 -1,000000 -101,000000 0,000000 0,000000
187 1682732808 0,200000 -1,000000 -101,000000 0,000000 0,000000
187 1682732809 0,200000 -1,000000 -101,000000 0,000000 0,000000
187 1682732810 0,200000 -1,000000 -101,000000 0,000000 0,000000
187 1682732811 0,200000 -1,000000 -101,000000 0,000000 0,000000
187 1682732812 0,200000 -1,000000 -101,000000 0,000000 0,000000
187 1682732838 0,200000 -1,000000 -101,000000 0,000000 0,000000
187 1682732839 0,200000 -1,000000 -101,000000 0,000000 0,000000
187 1682732840 0,200000 -1,000000 -101,000000 0,000000 0,000000
187 1682732841 0,200000 -1,000000 -101,000000 0,000000 0,000000
187 1682732842 0,200000 -1,000000 -101,000000 0,000000 0,000000
187 1682732853 0,400000 -1,000000 -101,000000 0,000000 0,000000
187 1682732854 0,400000 -1,000000 -101,000000 0,000000 0,000000
187 1682732855 0,400000 -1,000000 -101,000000 0,000000 0,000000
187 1682732856 0,400000 -1,000000 -101,000000 0,000000 0,000000
187 1682732857 0,400000 -1,000000 -101,000000 0,000000 0,000000
187 1682732858 0,200000 -1,000000 -101,000000 0,000000 0,000000
187 1682732859 0,200000 -1,000000 -101,000000 0,000000 0,000000
187 1682732860 0,200000 -1,000000 -101,000000 0,000000 0,000000
187 1682732861 0,200000 -1,000000 -101,000000 0,000000 0,000000
187 1682732862 0,200000 -1,000000 -101,000000 0,000000 0,000000
187 1682732908 0,200000 -1,000000 -101,000000 0,000000 0,000000
187 1682732909 0,200000 -1,000000 -101,000000 0,000000 0,000000
187 1682732910 0,200000 -1,000000 -101,000000 0,000000 0,000000
187 1682732911 0,200000 -1,000000 -101,000000 0,000000 0,000000
187 1682732912 0,200000 -1,000000 -101,000000 0,000000 0,000000
187 1682732933 0,200000 -1,000000 -101,000000 0,000000 0,000000
187 1682732934 0,200000 -1,000000 -101,000000 0,000000 0,000000
187 1682732935 0,200000 -1,000000 -101,000000 0,000000 0,000000
187 1682732936 0,200000 -1,000000 -101,000000 0,000000 0,000000
187 1682732937 0,200000 -1,000000 -101,000000 0,000000 0,000000
187 1682732938 0,200000 -1,000000 -101,000000 0,000000 0,000000
187 1682732939 0,200000 -1,000000 -101,000000 0,000000 0,000000
187 1682732940 0,200000 -1,000000 -101,000000 0,000000 0,000000
187 1682732941 0,200000 -1,000000 -101,000000 0,000000 0,000000
187 1682732942 0,200000 -1,000000 -101,000000 0,000000 0,000000
187 1682732958 0,200000 -1,000000 -101,000000 0,000000 0,000000
187 1682732959 0,200000 -1,000000 -101,000000 0,000000 0,000000
187 1682732960 0,200000 -1,000000 -101,000000 0,000000 0,000000
187 1682732961 0,200000 -1,000000 -101,000000 0,000000 0,000000
187 1682732962 0,200000 -1,000000 -101,000000 0,000000 0,000000
187 1682732983 0,200000 -1,000000 -101,000000 0,000000 0,000000
187 1682732984 0,200000 -1,000000 -101,000000 0,000000 0,000000
187 1682732985 0,200000 -1,000000 -101,000000 0,000000 0,000000
187 1682732986 0,200000 -1,000000 -101,000000 0,000000 0,000000
187 1682732987 0,200000 -1,000000 -101,000000 0,000000 0,000000
187 1682732988 0,200000 -1,000000 -101,000000 0,000000 0,000000
187 1682732989 0,200000 -1,000000 -101,000000 0,000000 0,000000
187 1682732990 0,200000 -1,000000 -101,000000 0,000000 0,000000
187 1682732991 0,200000 -1,000000 -101,000000 0,000000 0,000000
187 1682732992 0,200000 -1,000000 -101,000000 0,000000 0,000000
187 1682732998 0,400000 -1,000000 -101,000000 0,000000 0,000000
187 1682732999 0,400000 -1,000000 -101,000000 0,000000 0,000000
187 1682733000 0,400000 -1,000000 -101,000000 0,000000 0,000000
187 1682733001 0,400000 -1,000000 -101,000000 0,000000 0,000000
187 1682733002 0,400000 -1,000000 -101,000000 0,000000 0,000000
187 1682733008 0,200000 -1,000000 -101,000000 0,000000 0,000000
187 1682733009 0,200000 -1,000000 -101,000000 0,000000 0,000000
187 1682733010 0,200000 -1,000000 -101,000000 0,000000 0,000000
187 1682733011 0,200000 -1,000000 -101,000000 0,000000 0,000000
187 1682733012 0,200000 -1,000000 -101,000000 0,000000 0,000000
187 1682733043 0,200000 -1,000000 -101,000000 0,000000 0,000000
187 1682733044 0,200000 -1,000000 -101,000000 0,000000 0,000000
187 1682733045 0,200000 -1,000000 -101,000000 0,000000 0,000000
187 1682733046 0,200000 -1,000000 -101,000000 0,000000 0,000000
187 1682733047 0,200000 -1,000000 -101,000000 0,000000 0,000000
187 1682733068 0,200000 -1,000000 -101,000000 0,000000 0,000000
187 1682733069 0,200000 -1,000000 -101,000000 0,000000 0,000000
187 1682733070 0,200000 -1,000000 -101,000000 0,000000 0,000000
187 1682733071 0,200000 -1,000000 -101,000000 0,000000 0,000000
187 1682733072 0,200000 -1,000000 -101,000000 0,000000 0,000000
187 1682733098 0,200000 -1,000000 -101,000000 0,000000 0,000000
187 1682733099 0,200000 -1,000000 -101,000000 0,000000 0,000000
187 1682733100 0,200000 -1,000000 -101,000000 0,000000 0,000000
187 1682733101 0,200000 -1,000000 -101,000000 0,000000 0,000000
187 1682733102 0,200000 -1,000000 -101,000000 0,000000 0,000000
187 1682733103 0,200000 -1,000000 -101,000000 0,000000 0,000000
187 1682733104 0,200000 -1,000000 -101,000000 0,000000 0,000000
187 1682733105 0,200000 -1,000000 -101,000000 0,000000 0,000000
187 1682733106 0,200000 -1,000000 -101,000000 0,000000 0,000000
187 1682733107 0,200000 -1,000000 -101,000000 0,000000 0,000000
187 1682733113 0,200000 -1,000000 -101,000000 0,000000 0,000000
187 1682733114 0,200000 -1,000000 -101,000000 0,000000 0,000000
187 1682733115 0,200000 -1,000000 -101,000000 0,000000 0,000000
187 1682733116 0,200000 -1,000000 -101,000000 0,000000 0,000000
187 1682733117 0,200000 -1,000000 -101,000000 0,000000 0,000000
187 1682733118 0,400000 -1,000000 -101,000000 0,000000 0,000000
187 1682733119 0,400000 -1,000000 -101,000000 0,000000 0,000000
187 1682733120 0,400000 -1,000000 -101,000000 0,000000 0,000000
187 1682733121 0,400000 -1,000000 -101,000000 0,000000 0,000000
187 1682733182 0,200000 -1,000000 0,200000 0,200000 0,000000
187 1682733181 0,200000 -1,000000 0,200000 0,200000 0,000000
187 1682733180 0,200000 -1,000000 0,200000 0,200000 0,000000
187 1682733179 0,200000 -1,000000 0,200000 0,200000 0,000000
187 1682733178 0,200000 -1,000000 0,200000 0,200000 0,000000
187 1682733157 0,200000 -1,000000 0,200000 0,200000 0,000000
187 1682733156 0,200000 -1,000000 0,200000 0,200000 0,000000
187 1682733155 0,200000 -1,000000 0,200000 0,200000 0,000000
187 1682733154 0,200000 -1,000000 0,200000 0,200000 0,000000
187 1682733153 0,200000 -1,000000 0,200000 0,200000 0,000000
187 1682733152 0,200000 -1,000000 0,200000 0,200000 0,000000
187 1682733151 0,200000 -1,000000 0,200000 0,200000 0,000000
187 1682733150 0,200000 -1,000000 0,200000 0,200000 0,000000
187 1682733149 0,200000 -1,000000 0,200000 0,200000 0,000000
187 1682733148 0,200000 -1,000000 0,200000 0,200000 0,000000
187 1682733132 0,200000 -1,000000 0,200000 0,200000 0,000000
187 1682733131 0,200000 -1,000000 0,200000 0,200000 0,000000
187 1682733130 0,200000 -1,000000 0,200000 0,200000 0,000000
187 1682733129 0,200000 -1,000000 0,200000 0,200000 0,000000
187 1682733128 0,200000 -1,000000 0,200000 0,200000 0,000000
187 1682733122 0,400000 -1,000000 0,400000 0,400000 0,000000
187 1682733122 0,400000 -1,000000 -101,000000 0,000000 0,000000
187 1682733128 0,200000 -1,000000 -101,000000 0,000000 0,000000
187 1682733129 0,200000 -1,000000 -101,000000 0,000000 0,000000
187 1682733130 0,200000 -1,000000 -101,000000 0,000000 0,000000
187 1682733131 0,200000 -1,000000 -101,000000 0,000000 0,000000
187 1682733132 0,200000 -1,000000 -101,000000 0,000000 0,000000
187 1682733148 0,200000 -1,000000 -101,000000 0,000000 0,000000
187 1682733149 0,200000 -1,000000 -101,000000 0,000000 0,000000
187 1682733150 0,200000 -1,000000 -101,000000 0,000000 0,000000
187 1682733151 0,200000 -1,000000 -101,000000 0,000000 0,000000
187 1682733152 0,200000 -1,000000 -101,000000 0,000000 0,000000
187 1682733153 0,200000 -1,000000 -101,000000 0,000000 0,000000
187 1682733154 0,200000 -1,000000 -101,000000 0,000000 0,000000
187 1682733155 0,200000 -1,000000 -101,000000 0,000000 0,000000
187 1682733156 0,200000 -1,000000 -101,000000 0,000000 0,000000
187 1682733157 0,200000 -1,000000 -101,000000 0,000000 0,000000
187 1682733178 0,200000 -1,000000 -101,000000 0,000000 0,000000
187 1682733179 0,200000 -1,000000 -101,000000 0,000000 0,000000
187 1682733180 0,200000 -1,000000 -101,000000 0,000000 0,000000
187 1682733181 0,200000 -1,000000 -101,000000 0,000000 0,000000
187 1682733182 0,200000 -1,000000 -101,000000 0,000000 0,000000
187 1682733203 0,200000 -1,000000 -101,000000 0,000000 0,000000
187 1682733204 0,200000 -1,000000 -101,000000 0,000000 0,000000
187 1682733205 0,200000 -1,000000 -101,000000 0,000000 0,000000
187 1682733206 0,200000 -1,000000 -101,000000 0,000000 0,000000
187 1682733207 0,200000 -1,000000 -101,000000 0,000000 0,000000
187 1682733208 0,200000 -1,000000 -101,000000 0,000000 0,000000
187 1682733209 0,200000 -1,000000 -101,000000 0,000000 0,000000
187 1682733210 0,200000 -1,000000 -101,000000 0,000000 0,000000
187 1682733211 0,200000 -1,000000 -101,000000 0,000000 0,000000
187 1682733212 0,200000 -1,000000 -101,000000 0,000000 0,000000
187 1682733228 0,400000 -1,000000 -101,000000 0,000000 0,000000
187 1682733229 0,400000 -1,000000 -101,000000 0,000000 0,000000
187 1682733230 0,400000 -1,000000 -101,000000 0,000000 0,000000
187 1682733231 0,400000 -1,000000 -101,000000 0,000000 0,000000
187 1682733232 0,400000 -1,000000 -101,000000 0,000000 0,000000
187 1682733253 0,200000 -1,000000 -101,000000 0,000000 0,000000
187 1682733254 0,200000 -1,000000 -101,000000 0,000000 0,000000
187 1682733255 0,200000 -1,000000 -101,000000 0,000000 0,000000
187 1682733256 0,200000 -1,000000 -101,000000 0,000000 0,000000
187 1682733257 0,200000 -1,000000 -101,000000 0,000000 0,000000
187 1682733303 0,200000 -1,000000 -101,000000 0,000000 0,000000
187 1682733304 0,200000 -1,000000 -101,000000 0,000000 0,000000
187 1682733305 0,200000 -1,000000 -101,000000 0,000000 0,000000
187 1682733306 0,200000 -1,000000 -101,000000 0,000000 0,000000
187 1682733307 0,200000 -1,000000 -101,000000 0,000000 0,000000
187 1682733308 0,200000 -1,000000 -101,000000 0,000000 0,000000
187 1682733309 0,200000 -1,000000 -101,000000 0,000000 0,000000
187 1682733310 0,200000 -1,000000 -101,000000 0,000000 0,000000
187 1682733311 0,200000 -1,000000 -101,000000 0,000000 0,000000
187 1682733312 0,200000 -1,000000 -101,000000 0,000000 0,000000
187 1682733348 0,200000 -1,000000 -101,000000 0,000000 0,000000
187 1682733349 0,200000 -1,000000 -101,000000 0,000000 0,000000
187 1682733350 0,200000 -1,000000 -101,000000 0,000000 0,000000
187 1682733351 0,200000 -1,000000 -101,000000 0,000000 0,000000
187 1682733352 0,200000 -1,000000 -101,000000 0,000000 0,000000
187 1682733353 0,400000 -1,000000 -101,000000 0,000000 0,000000
187 1682733354 0,400000 -1,000000 -101,000000 0,000000 0,000000
187 1682733355 0,400000 -1,000000 -101,000000 0,000000 0,000000
187 1682733356 0,400000 -1,000000 -101,000000 0,000000 0,000000
187 1682733357 0,400000 -1,000000 -101,000000 0,000000 0,000000
187 1682733358 0,200000 -1,000000 -101,000000 0,000000 0,000000
187 1682733359 0,200000 -1,000000 -101,000000 0,000000 0,000000
187 1682733360 0,200000 -1,000000 -101,000000 0,000000 0,000000
187 1682733361 0,200000 -1,000000 -101,000000 0,000000 0,000000
187 1682733362 0,200000 -1,000000 -101,000000 0,000000 0,000000
187 1682733403 0,600000 -1,000000 -101,000000 0,000000 0,000000
187 1682733404 0,600000 -1,000000 -101,000000 0,000000 0,000000
187 1682733405 0,600000 -1,000000 -101,000000 0,000000 0,000000
187 1682733406 0,600000 -1,000000 -101,000000 0,000000 0,000000
187 1682733407 0,600000 -1,000000 -101,000000 0,000000 0,000000
187 1682733408 0,200000 -1,000000 -101,000000 0,000000 0,000000
187 1682733409 0,200000 -1,000000 -101,000000 0,000000 0,000000
187 1682733410 0,200000 -1,000000 -101,000000 0,000000 0,000000
187 1682733411 0,200000 -1,000000 -101,000000 0,000000 0,000000
187 1682733412 0,200000 -1,000000 -101,000000 0,000000 0,000000
187 1682733453 0,200000 -1,000000 -101,000000 0,000000 0,000000
187 1682733454 0,200000 -1,000000 -101,000000 0,000000 0,000000
187 1682733455 0,200000 -1,000000 -101,000000 0,000000 0,000000
187 1682733456 0,200000 -1,000000 -101,000000 0,000000 0,000000
187 1682733457 0,200000 -1,000000 -101,000000 0,000000 0,000000
187 1682733473 0,400000 -1,000000 -101,000000 0,000000 0,000000
187 1682733474 0,400000 -1,000000 -101,000000 0,000000 0,000000
187 1682733475 0,400000 -1,000000 -101,000000 0,000000 0,000000
187 1682733476 0,400000 -1,000000 -101,000000 0,000000 0,000000
187 1682733477 0,400000 -1,000000 -101,000000 0,000000 0,000000
187 1682733483 0,200000 -1,000000 -101,000000 0,000000 0,000000
187 1682733484 0,200000 -1,000000 -101,000000 0,000000 0,000000
187 1682733485 0,200000 -1,000000 -101,000000 0,000000 0,000000
187 1682733486 0,200000 -1,000000 -101,000000 0,000000 0,000000
187 1682733487 0,200000 -1,000000 -101,000000 0,000000 0,000000
187 1682733488 0,200000 -1,000000 -101,000000 0,000000 0,000000
187 1682733489 0,200000 -1,000000 -101,000000 0,000000 0,000000
187 1682733490 0,200000 -1,000000 -101,000000 0,000000 0,000000
187 1682733491 0,200000 -1,000000 -101,000000 0,000000 0,000000
187 1682733492 0,200000 -1,000000 -101,000000 0,000000 0,000000
187 1682733493 0,200000 -1,000000 -101,000000 0,000000 0,000000
187 1682733494 0,200000 -1,000000 -101,000000 0,000000 0,000000
187 1682733495 0,200000 -1,000000 -101,000000 0,000000 0,000000
187 1682733496 0,200000 -1,000000 -101,000000 0,000000 0,000000
187 1682733497 0,200000 -1,000000 -101,000000 0,000000 0,000000
187 1682733498 0,200000 -1,000000 -101,000000 0,000000 0,000000
187 1682733499 0,200000 -1,000000 -101,000000 0,000000 0,000000
187 1682733500 0,200000 -1,000000 -101,000000 0,000000 0,000000
187 1682733501 0,200000 -1,000000 -101,000000 0,000000 0,000000
187 1682733502 0,200000 -1,000000 -101,000000 0,000000 0,000000
187 1682733508 0,400000 -1,000000 -101,000000 0,000000 0,000000
187 1682733509 0,400000 -1,000000 -101,000000 0,000000 0,000000
187 1682733510 0,400000 -1,000000 -101,000000 0,000000 0,000000
187 1682733511 0,400000 -1,000000 -101,000000 0,000000 0,000000
187 1682733512 0,400000 -1,000000 -101,000000 0,000000 0,000000
187 1682733553 0,400000 -1,000000 -101,000000 0,000000 0,000000
187 1682733554 0,400000 -1,000000 -101,000000 0,000000 0,000000
187 1682733555 0,400000 -1,000000 -101,000000 0,000000 0,000000
187 1682733556 0,400000 -1,000000 -101,000000 0,000000 0,000000
187 1682733557 0,400000 -1,000000 -101,000000 0,000000 0,000000
187 1682733558 0,200000 -1,000000 -101,000000 0,000000 0,000000
187 1682733559 0,200000 -1,000000 -101,000000 0,000000 0,000000
187 1682733560 0,200000 -1,000000 -101,000000 0,000000 0,000000
187 1682733561 0,200000 -1,000000 -101,000000 0,000000 0,000000
187 1682733562 0,200000 -1,000000 -101,000000 0,000000 0,000000
187 1682733563 0,400000 -1,000000 -101,000000 0,000000 0,000000
187 1682733564 0,400000 -1,000000 -101,000000 0,000000 0,000000
187 1682733565 0,400000 -1,000000 -101,000000 0,000000 0,000000
187 1682733566 0,400000 -1,000000 -101,000000 0,000000 0,000000
187 1682733567 0,400000 -1,000000 -101,000000 0,000000 0,000000
187 1682733568 0,200000 -1,000000 -101,000000 0,000000 0,000000
187 1682733569 0,200000 -1,000000 -101,000000 0,000000 0,000000
187 1682733570 0,200000 -1,000000 -101,000000 0,000000 0,000000
187 1682733571 0,200000 -1,000000 -101,000000 0,000000 0,000000
187 1682733572 0,200000 -1,000000 -101,000000 0,000000 0,000000
187 1682733593 0,400000 -1,000000 -101,000000 0,000000 0,000000
187 1682733594 0,400000 -1,000000 -101,000000 0,000000 0,000000
187 1682733595 0,400000 -1,000000 -101,000000 0,000000 0,000000
187 1682733596 0,400000 -1,000000 -101,000000 0,000000 0,000000
187 1682733597 0,400000 -1,000000 -101,000000 0,000000 0,000000
187 1682733603 0,200000 -1,000000 -101,000000 0,000000 0,000000
187 1682733604 0,200000 -1,000000 -101,000000 0,000000 0,000000
187 1682733605 0,200000 -1,000000 -101,000000 0,000000 0,000000
187 1682733606 0,200000 -1,000000 -101,000000 0,000000 0,000000
187 1682733607 0,200000 -1,000000 -101,000000 0,000000 0,000000
187 1682733608 0,200000 -1,000000 -101,000000 0,000000 0,000000
187 1682733609 0,200000 -1,000000 -101,000000 0,000000 0,000000
187 1682733610 0,200000 -1,000000 -101,000000 0,000000 0,000000
187 1682733611 0,200000 -1,000000 -101,000000 0,000000 0,000000
187 1682733612 0,200000 -1,000000 -101,000000 0,000000 0,000000
187 1682733638 0,200000 -1,000000 -101,000000 0,000000 0,000000
187 1682733639 0,200000 -1,000000 -101,000000 0,000000 0,000000
187 1682733640 0,200000 -1,000000 -101,000000 0,000000 0,000000
187 1682733641 0,200000 -1,000000 -101,000000 0,000000 0,000000
187 1682733642 0,200000 -1,000000 -101,000000 0,000000 0,000000
187 1682733658 0,200000 -1,000000 -101,000000 0,000000 0,000000
187 1682733659 0,200000 -1,000000 -101,000000 0,000000 0,000000
187 1682733660 0,200000 -1,000000 -101,000000 0,000000 0,000000
187 1682733661 0,200000 -1,000000 -101,000000 0,000000 0,000000
187 1682733662 0,200000 -1,000000 -101,000000 0,000000 0,000000
187 1682733668 0,400000 -1,000000 -101,000000 0,000000 0,000000
187 1682733669 0,400000 -1,000000 -101,000000 0,000000 0,000000
187 1682733670 0,400000 -1,000000 -101,000000 0,000000 0,000000
187 1682733671 0,400000 -1,000000 -101,000000 0,000000 0,000000
187 1682733672 0,400000 -1,000000 -101,000000 0,000000 0,000000
187 1682733708 0,400000 -1,000000 -101,000000 0,000000 0,000000
187 1682733709 0,400000 -1,000000 -101,000000 0,000000 0,000000
187 1682733710 0,400000 -1,000000 -101,000000 0,000000 0,000000
187 1682733711 0,400000 -1,000000 -101,000000 0,000000 0,000000
187 1682733712 0,400000 -1,000000 -101,000000 0,000000 0,000000
187 1682733718 0,200000 -1,000000 -101,000000 0,000000 0,000000
187 1682733719 0,200000 -1,000000 -101,000000 0,000000 0,000000
187 1682733720 0,200000 -1,000000 -101,000000 0,000000 0,000000
187 1682733721 0,200000 -1,000000 -101,000000 0,000000 0,000000
187 1682733722 0,200000 -1,000000 -101,000000 0,000000 0,000000
187 1682733753 0,200000 -1,000000 -101,000000 0,000000 0,000000
187 1682733754 0,200000 -1,000000 -101,000000 0,000000 0,000000
187 1682733755 0,200000 -1,000000 -101,000000 0,000000 0,000000
187 1682733756 0,200000 -1,000000 -101,000000 0,000000 0,000000
187 1682733757 0,200000 -1,000000 -101,000000 0,000000 0,000000
187 1682733758 0,200000 -1,000000 -101,000000 0,000000 0,000000
187 1682733759 0,200000 -1,000000 -101,000000 0,000000 0,000000
187 1682733760 0,200000 -1,000000 -101,000000 0,000000 0,000000
187 1682733761 0,200000 -1,000000 -101,000000 0,000000 0,000000
187 1682733762 0,200000 -1,000000 -101,000000 0,000000 0,000000
187 1682733783 0,200000 -1,000000 -101,000000 0,000000 0,000000
187 1682733784 0,200000 -1,000000 -101,000000 0,000000 0,000000
187 1682733785 0,200000 -1,000000 -101,000000 0,000000 0,000000
187 1682733786 0,200000 -1,000000 -101,000000 0,000000 0,000000
187 1682733787 0,200000 -1,000000 -101,000000 0,000000 0,000000
187 1682733808 0,200000 -1,000000 -101,000000 0,000000 0,000000
187 1682733809 0,200000 -1,000000 -101,000000 0,000000 0,000000
187 1682733810 0,200000 -1,000000 -101,000000 0,000000 0,000000
187 1682733811 0,200000 -1,000000 -101,000000 0,000000 0,000000
187 1682733812 0,200000 -1,000000 -101,000000 0,000000 0,000000
187 1682733833 0,200000 -1,000000 -101,000000 0,000000 0,000000
187 1682733834 0,200000 -1,000000 -101,000000 0,000000 0,000000
187 1682733835 0,200000 -1,000000 -101,000000 0,000000 0,000000
187 1682733836 0,200000 -1,000000 -101,000000 0,000000 0,000000
187 1682733837 0,200000 -1,000000 -101,000000 0,000000 0,000000
187 1682733858 0,400000 -1,000000 -101,000000 0,000000 0,000000
187 1682733859 0,400000 -1,000000 -101,000000 0,000000 0,000000
187 1682733860 0,400000 -1,000000 -101,000000 0,000000 0,000000
187 1682733861 0,400000 -1,000000 -101,000000 0,000000 0,000000
187 1682733862 0,400000 -1,000000 -101,000000 0,000000 0,000000
187 1682733883 0,200000 -1,000000 -101,000000 0,000000 0,000000
187 1682733884 0,200000 -1,000000 -101,000000 0,000000 0,000000
187 1682733885 0,200000 -1,000000 -101,000000 0,000000 0,000000
187 1682733886 0,200000 -1,000000 -101,000000 0,000000 0,000000
187 1682733887 0,200000 -1,000000 -101,000000 0,000000 0,000000
187 1682733888 0,200000 -1,000000 -101,000000 0,000000 0,000000
187 1682733889 0,200000 -1,000000 -101,000000 0,000000 0,000000
187 1682733890 0,200000 -1,000000 -101,000000 0,000000 0,000000
187 1682733891 0,200000 -1,000000 -101,000000 0,000000 0,000000
187 1682733892 0,200000 -1,000000 -101,000000 0,000000 0,000000
187 1682733908 0,200000 -1,000000 -101,000000 0,000000 0,000000
187 1682733909 0,200000 -1,000000 -101,000000 0,000000 0,000000
187 1682733910 0,200000 -1,000000 -101,000000 0,000000 0,000000
187 1682733911 0,200000 -1,000000 -101,000000 0,000000 0,000000
187 1682733912 0,200000 -1,000000 -101,000000 0,000000 0,000000
187 1682733933 0,200000 -1,000000 -101,000000 0,000000 0,000000
187 1682733934 0,200000 -1,000000 -101,000000 0,000000 0,000000
187 1682733935 0,200000 -1,000000 -101,000000 0,000000 0,000000
187 1682733936 0,200000 -1,000000 -101,000000 0,000000 0,000000
187 1682733937 0,200000 -1,000000 -101,000000 0,000000 0,000000
187 1682733953 0,200000 -1,000000 -101,000000 0,000000 0,000000
187 1682733954 0,200000 -1,000000 -101,000000 0,000000 0,000000
187 1682733955 0,200000 -1,000000 -101,000000 0,000000 0,000000
187 1682733956 0,200000 -1,000000 -101,000000 0,000000 0,000000
187 1682733957 0,200000 -1,000000 -101,000000 0,000000 0,000000
187 1682733998 0,200000 -1,000000 -101,000000 0,000000 0,000000
187 1682733999 0,200000 -1,000000 -101,000000 0,000000 0,000000
187 1682734000 0,200000 -1,000000 -101,000000 0,000000 0,000000
187 1682734001 0,200000 -1,000000 -101,000000 0,000000 0,000000
187 1682734002 0,200000 -1,000000 -101,000000 0,000000 0,000000
187 1682734003 0,400000 -1,000000 -101,000000 0,000000 0,000000
187 1682734004 0,400000 -1,000000 -101,000000 0,000000 0,000000
187 1682734005 0,400000 -1,000000 -101,000000 0,000000 0,000000
187 1682734006 0,400000 -1,000000 -101,000000 0,000000 0,000000
187 1682734007 0,400000 -1,000000 -101,000000 0,000000 0,000000
187 1682734008 0,200000 -1,000000 -101,000000 0,000000 0,000000
187 1682734009 0,200000 -1,000000 -101,000000 0,000000 0,000000
187 1682734010 0,200000 -1,000000 -101,000000 0,000000 0,000000
187 1682734011 0,200000 -1,000000 -101,000000 0,000000 0,000000
187 1682734012 0,200000 -1,000000 -101,000000 0,000000 0,000000
187 1682734013 0,200000 -1,000000 -101,000000 0,000000 0,000000
187 1682734014 0,200000 -1,000000 -101,000000 0,000000 0,000000
187 1682734015 0,200000 -1,000000 -101,000000 0,000000 0,000000
187 1682734016 0,200000 -1,000000 -101,000000 0,000000 0,000000
187 1682734017 0,200000 -1,000000 -101,000000 0,000000 0,000000
187 1682734043 0,400000 -1,000000 -101,000000 0,000000 0,000000
187 1682734044 0,400000 -1,000000 -101,000000 0,000000 0,000000
187 1682734045 0,400000 -1,000000 -101,000000 0,000000 0,000000
187 1682734046 0,400000 -1,000000 -101,000000 0,000000 0,000000
187 1682734047 0,400000 -1,000000 -101,000000 0,000000 0,000000
187 1682734058 0,400000 -1,000000 -101,000000 0,000000 0,000000
187 1682734059 0,400000 -1,000000 -101,000000 0,000000 0,000000
187 1682734060 0,400000 -1,000000 -101,000000 0,000000 0,000000
187 1682734061 0,400000 -1,000000 -101,000000 0,000000 0,000000
187 1682734062 0,400000 -1,000000 -101,000000 0,000000 0,000000
187 1682734073 0,200000 -1,000000 -101,000000 0,000000 0,000000
187 1682734074 0,200000 -1,000000 -101,000000 0,000000 0,000000
187 1682734075 0,200000 -1,000000 -101,000000 0,000000 0,000000
187 1682734076 0,200000 -1,000000 -101,000000 0,000000 0,000000
187 1682734077 0,200000 -1,000000 -101,000000 0,000000 0,000000
187 1682734078 0,200000 -1,000000 -101,000000 0,000000 0,000000
187 1682734079 0,200000 -1,000000 -101,000000 0,000000 0,000000
187 1682734080 0,200000 -1,000000 -101,000000 0,000000 0,000000
187 1682734081 0,200000 -1,000000 -101,000000 0,000000 0,000000
187 1682734082 0,200000 -1,000000 -101,000000 0,000000 0,000000
187 1682734093 0,200000 -1,000000 -101,000000 0,000000 0,000000
187 1682734094 0,200000 -1,000000 -101,000000 0,000000 0,000000
187 1682734095 0,200000 -1,000000 -101,000000 0,000000 0,000000
187 1682734096 0,200000 -1,000000 -101,000000 0,000000 0,000000
187 1682734097 0,200000 -1,000000 -101,000000 0,000000 0,000000
187 1682734103 0,200000 -1,000000 -101,000000 0,000000 0,000000
187 1682734104 0,200000 -1,000000 -101,000000 0,000000 0,000000
187 1682734105 0,200000 -1,000000 -101,000000 0,000000 0,000000
187 1682734106 0,200000 -1,000000 -101,000000 0,000000 0,000000
187 1682734107 0,200000 -1,000000 -101,000000 0,000000 0,000000
187 1682734108 0,200000 -1,000000 -101,000000 0,000000 0,000000
187 1682734109 0,200000 -1,000000 -101,000000 0,000000 0,000000
187 1682734110 0,200000 -1,000000 -101,000000 0,000000 0,000000
187 1682734111 0,200000 -1,000000 -101,000000 0,000000 0,000000
187 1682734112 0,200000 -1,000000 -101,000000 0,000000 0,000000
187 1682734118 0,200000 -1,000000 -101,000000 0,000000 0,000000
187 1682734119 0,200000 -1,000000 -101,000000 0,000000 0,000000
187 1682734120 0,200000 -1,000000 -101,000000 0,000000 0,000000
187 1682734121 0,200000 -1,000000 -101,000000 0,000000 0,000000
187 1682734122 0,200000 -1,000000 -101,000000 0,000000 0,000000
187 1682734133 0,200000 -1,000000 -101,000000 0,000000 0,000000
187 1682734134 0,200000 -1,000000 -101,000000 0,000000 0,000000
187 1682734135 0,200000 -1,000000 -101,000000 0,000000 0,000000
187 1682734136 0,200000 -1,000000 -101,000000 0,000000 0,000000
187 1682734137 0,200000 -1,000000 -101,000000 0,000000 0,000000
187 1682734138 0,400000 -1,000000 -101,000000 0,000000 0,000000
187 1682734139 0,400000 -1,000000 -101,000000 0,000000 0,000000
187 1682734140 0,400000 -1,000000 -101,000000 0,000000 0,000000
187 1682734141 0,400000 -1,000000 -101,000000 0,000000 0,000000
187 1682734142 0,400000 -1,000000 -101,000000 0,000000 0,000000
187 1682734148 0,200000 -1,000000 -101,000000 0,000000 0,000000
187 1682734149 0,200000 -1,000000 -101,000000 0,000000 0,000000
187 1682734150 0,200000 -1,000000 -101,000000 0,000000 0,000000
187 1682734151 0,200000 -1,000000 -101,000000 0,000000 0,000000
187 1682734152 0,200000 -1,000000 -101,000000 0,000000 0,000000
187 1682734158 0,200000 -1,000000 -101,000000 0,000000 0,000000
187 1682734159 0,200000 -1,000000 -101,000000 0,000000 0,000000
187 1682734160 0,200000 -1,000000 -101,000000 0,000000 0,000000
187 1682734161 0,200000 -1,000000 -101,000000 0,000000 0,000000
187 1682734162 0,200000 -1,000000 -101,000000 0,000000 0,000000
187 1682734178 0,200000 -1,000000 -101,000000 0,000000 0,000000
187 1682734179 0,200000 -1,000000 -101,000000 0,000000 0,000000
187 1682734180 0,200000 -1,000000 -101,000000 0,000000 0,000000
187 1682734181 0,200000 -1,000000 -101,000000 0,000000 0,000000
187 1682734182 0,200000 -1,000000 -101,000000 0,000000 0,000000
187 1682734193 0,200000 -1,000000 -101,000000 0,000000 0,000000
187 1682734194 0,200000 -1,000000 -101,000000 0,000000 0,000000
187 1682734195 0,200000 -1,000000 -101,000000 0,000000 0,000000
187 1682734196 0,200000 -1,000000 -101,000000 0,000000 0,000000
187 1682734197 0,200000 -1,000000 -101,000000 0,000000 0,000000
187 1682734198 0,200000 -1,000000 -101,000000 0,000000 0,000000
187 1682734199 0,200000 -1,000000 -101,000000 0,000000 0,000000
187 1682734200 0,200000 -1,000000 -101,000000 0,000000 0,000000
187 1682734201 0,200000 -1,000000 -101,000000 0,000000 0,000000
187 1682734202 0,200000 -1,000000 -101,000000 0,000000 0,000000
187 1682734208 0,200000 -1,000000 -101,000000 0,000000 0,000000
187 1682734209 0,200000 -1,000000 -101,000000 0,000000 0,000000
187 1682734210 0,200000 -1,000000 -101,000000 0,000000 0,000000
187 1682734211 0,200000 -1,000000 -101,000000 0,000000 0,000000
187 1682734212 0,200000 -1,000000 -101,000000 0,000000 0,000000
187 1682734218 0,200000 -1,000000 -101,000000 0,000000 0,000000
187 1682734219 0,200000 -1,000000 -101,000000 0,000000 0,000000
187 1682734220 0,200000 -1,000000 -101,000000 0,000000 0,000000
187 1682734221 0,200000 -1,000000 -101,000000 0,000000 0,000000
187 1682734222 0,200000 -1,000000 -101,000000 0,000000 0,000000
187 1682734223 0,200000 -1,000000 -101,000000 0,000000 0,000000
187 1682734224 0,200000 -1,000000 -101,000000 0,000000 0,000000
187 1682734225 0,200000 -1,000000 -101,000000 0,000000 0,000000
187 1682734226 0,200000 -1,000000 -101,000000 0,000000 0,000000
187 1682734227 0,200000 -1,000000 -101,000000 0,000000 0,000000
187 1682734228 0,400000 -1,000000 -101,000000 0,000000 0,000000
187 1682734229 0,400000 -1,000000 -101,000000 0,000000 0,000000
187 1682734230 0,400000 -1,000000 -101,000000 0,000000 0,000000
187 1682734231 0,400000 -1,000000 -101,000000 0,000000 0,000000
187 1682734232 0,400000 -1,000000 -101,000000 0,000000 0,000000
187 1682734243 0,200000 -1,000000 -101,000000 0,000000 0,000000
187 1682734244 0,200000 -1,000000 -101,000000 0,000000 0,000000
187 1682734245 0,200000 -1,000000 -101,000000 0,000000 0,000000
187 1682734246 0,200000 -1,000000 -101,000000 0,000000 0,000000
187 1682734247 0,200000 -1,000000 -101,000000 0,000000 0,000000
187 1682734248 0,200000 -1,000000 -101,000000 0,000000 0,000000
187 1682734249 0,200000 -1,000000 -101,000000 0,000000 0,000000
187 1682734250 0,200000 -1,000000 -101,000000 0,000000 0,000000
187 1682734251 0,200000 -1,000000 -101,000000 0,000000 0,000000
187 1682734252 0,200000 -1,000000 -101,000000 0,000000 0,000000
187 1682734253 0,200000 -1,000000 -101,000000 0,000000 0,000000
187 1682734254 0,200000 -1,000000 -101,000000 0,000000 0,000000
187 1682734255 0,200000 -1,000000 -101,000000 0,000000 0,000000
187 1682734256 0,200000 -1,000000 -101,000000 0,000000 0,000000
187 1682734257 0,200000 -1,000000 -101,000000 0,000000 0,000000
187 1682734258 0,400000 -1,000000 -101,000000 0,000000 0,000000
187 1682734259 0,400000 -1,000000 -101,000000 0,000000 0,000000
187 1682734260 0,400000 -1,000000 -101,000000 0,000000 0,000000
187 1682734261 0,400000 -1,000000 -101,000000 0,000000 0,000000
187 1682734262 0,400000 -1,000000 -101,000000 0,000000 0,000000
187 1682734268 0,400000 -1,000000 -101,000000 0,000000 0,000000
187 1682734269 0,400000 -1,000000 -101,000000 0,000000 0,000000
187 1682734270 0,400000 -1,000000 -101,000000 0,000000 0,000000
187 1682734271 0,400000 -1,000000 -101,000000 0,000000 0,000000
187 1682734272 0,400000 -1,000000 -101,000000 0,000000 0,000000
187 1682734298 0,200000 -1,000000 -101,000000 0,000000 0,000000
187 1682734299 0,200000 -1,000000 -101,000000 0,000000 0,000000
187 1682734300 0,200000 -1,000000 -101,000000 0,000000 0,000000
187 1682734301 0,200000 -1,000000 -101,000000 0,000000 0,000000
187 1682734302 0,200000 -1,000000 -101,000000 0,000000 0,000000
187 1682734303 0,200000 -1,000000 -101,000000 0,000000 0,000000
187 1682734304 0,200000 -1,000000 -101,000000 0,000000 0,000000
187 1682734305 0,200000 -1,000000 -101,000000 0,000000 0,000000
187 1682734306 0,200000 -1,000000 -101,000000 0,000000 0,000000
187 1682734307 0,200000 -1,000000 -101,000000 0,000000 0,000000
187 1682734313 0,200000 -1,000000 -101,000000 0,000000 0,000000
187 1682734314 0,200000 -1,000000 -101,000000 0,000000 0,000000
187 1682734315 0,200000 -1,000000 -101,000000 0,000000 0,000000
187 1682734316 0,200000 -1,000000 -101,000000 0,000000 0,000000
187 1682734317 0,200000 -1,000000 -101,000000 0,000000 0,000000
187 1682734323 0,200000 -1,000000 -101,000000 0,000000 0,000000
187 1682734324 0,200000 -1,000000 -101,000000 0,000000 0,000000
187 1682734325 0,200000 -1,000000 -101,000000 0,000000 0,000000
187 1682734326 0,200000 -1,000000 -101,000000 0,000000 0,000000
187 1682734327 0,200000 -1,000000 -101,000000 0,000000 0,000000
187 1682734358 0,400000 -1,000000 -101,000000 0,000000 0,000000
187 1682734359 0,400000 -1,000000 -101,000000 0,000000 0,000000
187 1682734360 0,400000 -1,000000 -101,000000 0,000000 0,000000
187 1682734361 0,400000 -1,000000 -101,000000 0,000000 0,000000
187 1682734362 0,400000 -1,000000 -101,000000 0,000000 0,000000
187 1682734368 0,200000 -1,000000 -101,000000 0,000000 0,000000
187 1682734369 0,200000 -1,000000 -101,000000 0,000000 0,000000
187 1682734370 0,200000 -1,000000 -101,000000 0,000000 0,000000
187 1682734371 0,200000 -1,000000 -101,000000 0,000000 0,000000
187 1682734372 0,200000 -1,000000 -101,000000 0,000000 0,000000
187 1682734373 0,200000 -1,000000 -101,000000 0,000000 0,000000
187 1682734374 0,200000 -1,000000 -101,000000 0,000000 0,000000
187 1682734375 0,200000 -1,000000 -101,000000 0,000000 0,000000
187 1682734376 0,200000 -1,000000 -101,000000 0,000000 0,000000
187 1682734377 0,200000 -1,000000 -101,000000 0,000000 0,000000
187 1682734383 0,200000 -1,000000 -101,000000 0,000000 0,000000
187 1682734384 0,200000 -1,000000 -101,000000 0,000000 0,000000
187 1682734385 0,200000 -1,000000 -101,000000 0,000000 0,000000
187 1682734386 0,200000 -1,000000 -101,000000 0,000000 0,000000
187 1682734387 0,200000 -1,000000 -101,000000 0,000000 0,000000
187 1682734398 0,400000 -1,000000 -101,000000 0,000000 0,000000
187 1682734399 0,400000 -1,000000 -101,000000 0,000000 0,000000
187 1682734400 0,400000 -1,000000 -101,000000 0,000000 0,000000
187 1682734401 0,400000 -1,000000 -101,000000 0,000000 0,000000
187 1682734402 0,400000 -1,000000 -101,000000 0,000000 0,000000
187 1682734403 0,400000 -1,000000 -101,000000 0,000000 0,000000
187 1682734404 0,400000 -1,000000 -101,000000 0,000000 0,000000
187 1682734405 0,400000 -1,000000 -101,000000 0,000000 0,000000
187 1682734406 0,400000 -1,000000 -101,000000 0,000000 0,000000
187 1682734407 0,400000 -1,000000 -101,000000 0,000000 0,000000
187 1682734408 0,600000 -1,000000 -101,000000 0,000000 0,000000
187 1682734409 0,600000 -1,000000 -101,000000 0,000000 0,000000
187 1682734410 0,600000 -1,000000 -101,000000 0,000000 0,000000
187 1682734411 0,600000 -1,000000 -101,000000 0,000000 0,000000
187 1682734412 0,600000 -1,000000 -101,000000 0,000000 0,000000
187 1682734413 0,600000 -1,000000 -101,000000 0,000000 0,000000
187 1682734414 0,600000 -1,000000 -101,000000 0,000000 0,000000
187 1682734415 0,600000 -1,000000 -101,000000 0,000000 0,000000
187 1682734416 0,600000 -1,000000 -101,000000 0,000000 0,000000
187 1682734417 0,600000 -1,000000 -101,000000 0,000000 0,000000
187 1682734418 0,200000 -1,000000 -101,000000 0,000000 0,000000
187 1682734419 0,200000 -1,000000 -101,000000 0,000000 0,000000
187 1682734420 0,200000 -1,000000 -101,000000 0,000000 0,000000
187 1682734421 0,200000 -1,000000 -101,000000 0,000000 0,000000
187 1682734422 0,200000 -1,000000 -101,000000 0,000000 0,000000
187 1682734433 0,400000 -1,000000 -101,000000 0,000000 0,000000
187 1682734434 0,400000 -1,000000 -101,000000 0,000000 0,000000
187 1682734435 0,400000 -1,000000 -101,000000 0,000000 0,000000
187 1682734436 0,400000 -1,000000 -101,000000 0,000000 0,000000
187 1682734437 0,400000 -1,000000 -101,000000 0,000000 0,000000
187 1682734443 0,200000 -1,000000 -101,000000 0,000000 0,000000
187 1682734444 0,200000 -1,000000 -101,000000 0,000000 0,000000
187 1682734445 0,200000 -1,000000 -101,000000 0,000000 0,000000
187 1682734446 0,200000 -1,000000 -101,000000 0,000000 0,000000
187 1682734447 0,200000 -1,000000 -101,000000 0,000000 0,000000
187 1682734453 0,200000 -1,000000 -101,000000 0,000000 0,000000
187 1682734454 0,200000 -1,000000 -101,000000 0,000000 0,000000
187 1682734455 0,200000 -1,000000 -101,000000 0,000000 0,000000
187 1682734456 0,200000 -1,000000 -101,000000 0,000000 0,000000
187 1682734457 0,200000 -1,000000 -101,000000 0,000000 0,000000
187 1682734463 0,200000 -1,000000 -101,000000 0,000000 0,000000
187 1682734464 0,200000 -1,000000 -101,000000 0,000000 0,000000
187 1682734465 0,200000 -1,000000 -101,000000 0,000000 0,000000
187 1682734466 0,200000 -1,000000 -101,000000 0,000000 0,000000
187 1682734467 0,200000 -1,000000 -101,000000 0,000000 0,000000
187 1682734493 0,400000 -1,000000 -101,000000 0,000000 0,000000
187 1682734494 0,400000 -1,000000 -101,000000 0,000000 0,000000
187 1682734495 0,400000 -1,000000 -101,000000 0,000000 0,000000
187 1682734496 0,400000 -1,000000 -101,000000 0,000000 0,000000
187 1682734497 0,400000 -1,000000 -101,000000 0,000000 0,000000
187 1682734498 0,200000 -1,000000 -101,000000 0,000000 0,000000
187 1682734499 0,200000 -1,000000 -101,000000 0,000000 0,000000
187 1682734500 0,200000 -1,000000 -101,000000 0,000000 0,000000
187 1682734501 0,200000 -1,000000 -101,000000 0,000000 0,000000
187 1682734502 0,200000 -1,000000 -101,000000 0,000000 0,000000
187 1682734503 0,200000 -1,000000 -101,000000 0,000000 0,000000
187 1682734504 0,200000 -1,000000 -101,000000 0,000000 0,000000
187 1682734505 0,200000 -1,000000 -101,000000 0,000000 0,000000
187 1682734506 0,200000 -1,000000 -101,000000 0,000000 0,000000
187 1682734507 0,200000 -1,000000 -101,000000 0,000000 0,000000
187 1682734508 0,400000 -1,000000 -101,000000 0,000000 0,000000
187 1682734509 0,400000 -1,000000 -101,000000 0,000000 0,000000
187 1682734510 0,400000 -1,000000 -101,000000 0,000000 0,000000
187 1682734511 0,400000 -1,000000 -101,000000 0,000000 0,000000
187 1682734512 0,400000 -1,000000 -101,000000 0,000000 0,000000
187 1682734513 0,400000 -1,000000 -101,000000 0,000000 0,000000
187 1682734514 0,400000 -1,000000 -101,000000 0,000000 0,000000
187 1682734515 0,400000 -1,000000 -101,000000 0,000000 0,000000
187 1682734516 0,400000 -1,000000 -101,000000 0,000000 0,000000
187 1682734517 0,400000 -1,000000 -101,000000 0,000000 0,000000
187 1682734528 0,200000 -1,000000 -101,000000 0,000000 0,000000
187 1682734529 0,200000 -1,000000 -101,000000 0,000000 0,000000
187 1682734530 0,200000 -1,000000 -101,000000 0,000000 0,000000
187 1682734531 0,200000 -1,000000 -101,000000 0,000000 0,000000
187 1682734532 0,200000 -1,000000 -101,000000 0,000000 0,000000
187 1682734558 0,400000 -1,000000 -101,000000 0,000000 0,000000
187 1682734559 0,400000 -1,000000 -101,000000 0,000000 0,000000
187 1682734560 0,400000 -1,000000 -101,000000 0,000000 0,000000
187 1682734561 0,400000 -1,000000 -101,000000 0,000000 0,000000
187 1682734562 0,400000 -1,000000 -101,000000 0,000000 0,000000
187 1682734563 0,200000 -1,000000 -101,000000 0,000000 0,000000
187 1682734564 0,200000 -1,000000 -101,000000 0,000000 0,000000
187 1682734565 0,200000 -1,000000 -101,000000 0,000000 0,000000
187 1682734566 0,200000 -1,000000 -101,000000 0,000000 0,000000
187 1682734567 0,200000 -1,000000 -101,000000 0,000000 0,000000
187 1682734573 0,200000 -1,000000 -101,000000 0,000000 0,000000
187 1682734574 0,200000 -1,000000 -101,000000 0,000000 0,000000
187 1682734575 0,200000 -1,000000 -101,000000 0,000000 0,000000
187 1682734576 0,200000 -1,000000 -101,000000 0,000000 0,000000
187 1682734577 0,200000 -1,000000 -101,000000 0,000000 0,000000
187 1682734588 0,200000 -1,000000 -101,000000 0,000000 0,000000
187 1682734589 0,200000 -1,000000 -101,000000 0,000000 0,000000
187 1682734590 0,200000 -1,000000 -101,000000 0,000000 0,000000
187 1682734591 0,200000 -1,000000 -101,000000 0,000000 0,000000
187 1682734592 0,200000 -1,000000 -101,000000 0,000000 0,000000
187 1682734598 0,200000 -1,000000 -101,000000 0,000000 0,000000
187 1682734599 0,200000 -1,000000 -101,000000 0,000000 0,000000
187 1682734600 0,200000 -1,000000 -101,000000 0,000000 0,000000
187 1682734601 0,200000 -1,000000 -101,000000 0,000000 0,000000
187 1682734602 0,200000 -1,000000 -101,000000 0,000000 0,000000
187 1682734603 0,200000 -1,000000 -101,000000 0,000000 0,000000
187 1682734604 0,200000 -1,000000 -101,000000 0,000000 0,000000
187 1682734605 0,200000 -1,000000 -101,000000 0,000000 0,000000
187 1682734606 0,200000 -1,000000 -101,000000 0,000000 0,000000
187 1682734607 0,200000 -1,000000 -101,000000 0,000000 0,000000
187 1682734608 0,200000 -1,000000 -101,000000 0,000000 0,000000
187 1682734609 0,200000 -1,000000 -101,000000 0,000000 0,000000
187 1682734610 0,200000 -1,000000 -101,000000 0,000000 0,000000
187 1682734611 0,200000 -1,000000 -101,000000 0,000000 0,000000
187 1682734612 0,200000 -1,000000 -101,000000 0,000000 0,000000
187 1682734628 0,200000 -1,000000 -101,000000 0,000000 0,000000
187 1682734629 0,200000 -1,000000 -101,000000 0,000000 0,000000
187 1682734630 0,200000 -1,000000 -101,000000 0,000000 0,000000
187 1682734631 0,200000 -1,000000 -101,000000 0,000000 0,000000
187 1682734632 0,200000 -1,000000 -101,000000 0,000000 0,000000
187 1682734653 0,200000 -1,000000 -101,000000 0,000000 0,000000
187 1682734654 0,200000 -1,000000 -101,000000 0,000000 0,000000
187 1682734655 0,200000 -1,000000 -101,000000 0,000000 0,000000
187 1682734656 0,200000 -1,000000 -101,000000 0,000000 0,000000
187 1682734657 0,200000 -1,000000 -101,000000 0,000000 0,000000
187 1682734663 0,200000 -1,000000 -101,000000 0,000000 0,000000
187 1682734664 0,200000 -1,000000 -101,000000 0,000000 0,000000
187 1682734665 0,200000 -1,000000 -101,000000 0,000000 0,000000
187 1682734666 0,200000 -1,000000 -101,000000 0,000000 0,000000
187 1682734667 0,200000 -1,000000 -101,000000 0,000000 0,000000
187 1682734673 0,200000 -1,000000 -101,000000 0,000000 0,000000
187 1682734674 0,200000 -1,000000 -101,000000 0,000000 0,000000
187 1682734675 0,200000 -1,000000 -101,000000 0,000000 0,000000
187 1682734676 0,200000 -1,000000 -101,000000 0,000000 0,000000
187 1682734677 0,200000 -1,000000 -101,000000 0,000000 0,000000
187 1682734678 0,400000 -1,000000 -101,000000 0,000000 0,000000
187 1682734679 0,400000 -1,000000 -101,000000 0,000000 0,000000
187 1682734680 0,400000 -1,000000 -101,000000 0,000000 0,000000
187 1682734681 0,400000 -1,000000 -101,000000 0,000000 0,000000
187 1682734682 0,400000 -1,000000 -101,000000 0,000000 0,000000
187 1682734683 0,200000 -1,000000 -101,000000 0,000000 0,000000
187 1682734684 0,200000 -1,000000 -101,000000 0,000000 0,000000
187 1682734685 0,200000 -1,000000 -101,000000 0,000000 0,000000
187 1682734686 0,200000 -1,000000 -101,000000 0,000000 0,000000
187 1682734687 0,200000 -1,000000 -101,000000 0,000000 0,000000
187 1682734693 0,200000 -1,000000 -101,000000 0,000000 0,000000
187 1682734694 0,200000 -1,000000 -101,000000 0,000000 0,000000
187 1682734695 0,200000 -1,000000 -101,000000 0,000000 0,000000
187 1682734696 0,200000 -1,000000 -101,000000 0,000000 0,000000
187 1682734697 0,200000 -1,000000 -101,000000 0,000000 0,000000
187 1682734698 0,200000 -1,000000 -101,000000 0,000000 0,000000
187 1682734699 0,200000 -1,000000 -101,000000 0,000000 0,000000
187 1682734700 0,200000 -1,000000 -101,000000 0,000000 0,000000
187 1682734701 0,200000 -1,000000 -101,000000 0,000000 0,000000
187 1682734702 0,200000 -1,000000 -101,000000 0,000000 0,000000
187 1682734708 0,400000 -1,000000 -101,000000 0,000000 0,000000
187 1682734709 0,400000 -1,000000 -101,000000 0,000000 0,000000
187 1682734710 0,400000 -1,000000 -101,000000 0,000000 0,000000
187 1682734711 0,400000 -1,000000 -101,000000 0,000000 0,000000
187 1682734712 0,400000 -1,000000 -101,000000 0,000000 0,000000
187 1682734713 0,200000 -1,000000 -101,000000 0,000000 0,000000
187 1682734714 0,200000 -1,000000 -101,000000 0,000000 0,000000
187 1682734715 0,200000 -1,000000 -101,000000 0,000000 0,000000
187 1682734716 0,200000 -1,000000 -101,000000 0,000000 0,000000
187 1682734717 0,200000 -1,000000 -101,000000 0,000000 0,000000
187 1682734718 0,200000 -1,000000 -101,000000 0,000000 0,000000
187 1682734719 0,200000 -1,000000 -101,000000 0,000000 0,000000
187 1682734720 0,200000 -1,000000 -101,000000 0,000000 0,000000
187 1682734721 0,200000 -1,000000 -101,000000 0,000000 0,000000
187 1682734722 0,200000 -1,000000 -101,000000 0,000000 0,000000
187 1682734733 0,200000 -1,000000 -101,000000 0,000000 0,000000
187 1682734734 0,200000 -1,000000 -101,000000 0,000000 0,000000
187 1682734735 0,200000 -1,000000 -101,000000 0,000000 0,000000
187 1682734736 0,200000 -1,000000 -101,000000 0,000000 0,000000
187 1682734737 0,200000 -1,000000 -101,000000 0,000000 0,000000
187 1682734748 0,200000 -1,000000 -101,000000 0,000000 0,000000
187 1682734749 0,200000 -1,000000 -101,000000 0,000000 0,000000
187 1682734750 0,200000 -1,000000 -101,000000 0,000000 0,000000
187 1682734751 0,200000 -1,000000 -101,000000 0,000000 0,000000
187 1682734752 0,200000 -1,000000 -101,000000 0,000000 0,000000
187 1682734753 0,200000 -1,000000 -101,000000 0,000000 0,000000
187 1682734754 0,200000 -1,000000 -101,000000 0,000000 0,000000
187 1682734755 0,200000 -1,000000 -101,000000 0,000000 0,000000
187 1682734756 0,200000 -1,000000 -101,000000 0,000000 0,000000
187 1682734757 0,200000 -1,000000 -101,000000 0,000000 0,000000
187 1682734763 0,200000 -1,000000 -101,000000 0,000000 0,000000
187 1682734764 0,200000 -1,000000 -101,000000 0,000000 0,000000
187 1682734765 0,200000 -1,000000 -101,000000 0,000000 0,000000
187 1682734766 0,200000 -1,000000 -101,000000 0,000000 0,000000
187 1682734767 0,200000 -1,000000 -101,000000 0,000000 0,000000
187 1682734768 0,200000 -1,000000 -101,000000 0,000000 0,000000
187 1682734769 0,200000 -1,000000 -101,000000 0,000000 0,000000
187 1682734770 0,200000 -1,000000 -101,000000 0,000000 0,000000
187 1682734771 0,200000 -1,000000 -101,000000 0,000000 0,000000
187 1682734772 0,200000 -1,000000 -101,000000 0,000000 0,000000
187 1682734803 0,200000 -1,000000 -101,000000 0,000000 0,000000
187 1682734804 0,200000 -1,000000 -101,000000 0,000000 0,000000
187 1682734805 0,200000 -1,000000 -101,000000 0,000000 0,000000
187 1682734806 0,200000 -1,000000 -101,000000 0,000000 0,000000
187 1682734807 0,200000 -1,000000 -101,000000 0,000000 0,000000
187 1682734808 0,400000 -1,000000 -101,000000 0,000000 0,000000
187 1682734809 0,400000 -1,000000 -101,000000 0,000000 0,000000
187 1682734810 0,400000 -1,000000 -101,000000 0,000000 0,000000
187 1682734811 0,400000 -1,000000 -101,000000 0,000000 0,000000
187 1682734812 0,400000 -1,000000 -101,000000 0,000000 0,000000
187 1682734813 0,200000 -1,000000 -101,000000 0,000000 0,000000
187 1682734814 0,200000 -1,000000 -101,000000 0,000000 0,000000
187 1682734815 0,200000 -1,000000 -101,000000 0,000000 0,000000
187 1682734816 0,200000 -1,000000 -101,000000 0,000000 0,000000
187 1682734817 0,200000 -1,000000 -101,000000 0,000000 0,000000
187 1682734818 0,200000 -1,000000 -101,000000 0,000000 0,000000
187 1682734819 0,200000 -1,000000 -101,000000 0,000000 0,000000
187 1682734820 0,200000 -1,000000 -101,000000 0,000000 0,000000
187 1682734821 0,200000 -1,000000 -101,000000 0,000000 0,000000
187 1682734822 0,200000 -1,000000 -101,000000 0,000000 0,000000
187 1682734853 0,400000 -1,000000 -101,000000 0,000000 0,000000
187 1682734854 0,400000 -1,000000 -101,000000 0,000000 0,000000
187 1682734855 0,400000 -1,000000 -101,000000 0,000000 0,000000
187 1682734856 0,400000 -1,000000 -101,000000 0,000000 0,000000
187 1682734857 0,400000 -1,000000 -101,000000 0,000000 0,000000
187 1682734858 0,200000 -1,000000 -101,000000 0,000000 0,000000
187 1682734859 0,200000 -1,000000 -101,000000 0,000000 0,000000
187 1682734860 0,200000 -1,000000 -101,000000 0,000000 0,000000
187 1682734861 0,200000 -1,000000 -101,000000 0,000000 0,000000
187 1682734862 0,200000 -1,000000 -101,000000 0,000000 0,000000
187 1682734863 0,200000 -1,000000 -101,000000 0,000000 0,000000
187 1682734864 0,200000 -1,000000 -101,000000 0,000000 0,000000
187 1682734865 0,200000 -1,000000 -101,000000 0,000000 0,000000
187 1682734866 0,200000 -1,000000 -101,000000 0,000000 0,000000
187 1682734867 0,200000 -1,000000 -101,000000 0,000000 0,000000
187 1682734873 0,200000 -1,000000 -101,000000 0,000000 0,000000
187 1682734874 0,200000 -1,000000 -101,000000 0,000000 0,000000
187 1682734875 0,200000 -1,000000 -101,000000 0,000000 0,000000
187 1682734876 0,200000 -1,000000 -101,000000 0,000000 0,000000
187 1682734877 0,200000 -1,000000 -101,000000 0,000000 0,000000
187 1682734878 0,200000 -1,000000 -101,000000 0,000000 0,000000
187 1682734879 0,200000 -1,000000 -101,000000 0,000000 0,000000
187 1682734880 0,200000 -1,000000 -101,000000 0,000000 0,000000
187 1682734881 0,200000 -1,000000 -101,000000 0,000000 0,000000
187 1682734882 0,200000 -1,000000 -101,000000 0,000000 0,000000
187 1682734898 0,200000 -1,000000 -101,000000 0,000000 0,000000
187 1682734899 0,200000 -1,000000 -101,000000 0,000000 0,000000
187 1682734900 0,200000 -1,000000 -101,000000 0,000000 0,000000
187 1682734901 0,200000 -1,000000 -101,000000 0,000000 0,000000
187 1682734902 0,200000 -1,000000 -101,000000 0,000000 0,000000
187 1682734903 0,400000 -1,000000 -101,000000 0,000000 0,000000
187 1682734904 0,400000 -1,000000 -101,000000 0,000000 0,000000
187 1682734905 0,400000 -1,000000 -101,000000 0,000000 0,000000
187 1682734906 0,400000 -1,000000 -101,000000 0,000000 0,000000
187 1682734907 0,400000 -1,000000 -101,000000 0,000000 0,000000
187 1682734908 0,200000 -1,000000 -101,000000 0,000000 0,000000
187 1682734909 0,200000 -1,000000 -101,000000 0,000000 0,000000
187 1682734910 0,200000 -1,000000 -101,000000 0,000000 0,000000
187 1682734911 0,200000 -1,000000 -101,000000 0,000000 0,000000
187 1682734912 0,200000 -1,000000 -101,000000 0,000000 0,000000
187 1682734923 0,200000 -1,000000 -101,000000 0,000000 0,000000
187 1682734924 0,200000 -1,000000 -101,000000 0,000000 0,000000
187 1682734925 0,200000 -1,000000 -101,000000 0,000000 0,000000
187 1682734926 0,200000 -1,000000 -101,000000 0,000000 0,000000
187 1682734927 0,200000 -1,000000 -101,000000 0,000000 0,000000
187 1682734948 0,200000 -1,000000 -101,000000 0,000000 0,000000
187 1682734949 0,200000 -1,000000 -101,000000 0,000000 0,000000
187 1682734950 0,200000 -1,000000 -101,000000 0,000000 0,000000
187 1682734951 0,200000 -1,000000 -101,000000 0,000000 0,000000
187 1682734952 0,200000 -1,000000 -101,000000 0,000000 0,000000
187 1682734953 0,400000 -1,000000 -101,000000 0,000000 0,000000
187 1682734954 0,400000 -1,000000 -101,000000 0,000000 0,000000
187 1682734955 0,400000 -1,000000 -101,000000 0,000000 0,000000
187 1682734956 0,400000 -1,000000 -101,000000 0,000000 0,000000
187 1682734957 0,400000 -1,000000 -101,000000 0,000000 0,000000
187 1682734958 0,400000 -1,000000 -101,000000 0,000000 0,000000
187 1682734959 0,400000 -1,000000 -101,000000 0,000000 0,000000
187 1682734960 0,400000 -1,000000 -101,000000 0,000000 0,000000
187 1682734961 0,400000 -1,000000 -101,000000 0,000000 0,000000
187 1682734962 0,400000 -1,000000 -101,000000 0,000000 0,000000
187 1682734963 0,200000 -1,000000 -101,000000 0,000000 0,000000
187 1682734964 0,200000 -1,000000 -101,000000 0,000000 0,000000
187 1682734965 0,200000 -1,000000 -101,000000 0,000000 0,000000
187 1682734966 0,200000 -1,000000 -101,000000 0,000000 0,000000
187 1682734967 0,200000 -1,000000 -101,000000 0,000000 0,000000
187 1682734978 0,200000 -1,000000 -101,000000 0,000000 0,000000
187 1682734979 0,200000 -1,000000 -101,000000 0,000000 0,000000
187 1682734980 0,200000 -1,000000 -101,000000 0,000000 0,000000
187 1682734981 0,200000 -1,000000 -101,000000 0,000000 0,000000
187 1682734982 0,200000 -1,000000 -101,000000 0,000000 0,000000
187 1682734983 0,200000 -1,000000 -101,000000 0,000000 0,000000
187 1682734984 0,200000 -1,000000 -101,000000 0,000000 0,000000
187 1682734985 0,200000 -1,000000 -101,000000 0,000000 0,000000
187 1682734986 0,200000 -1,000000 -101,000000 0,000000 0,000000
187 1682734987 0,200000 -1,000000 -101,000000 0,000000 0,000000
187 1682735008 0,200000 -1,000000 -101,000000 0,000000 0,000000
187 1682735009 0,200000 -1,000000 -101,000000 0,000000 0,000000
187 1682735010 0,200000 -1,000000 -101,000000 0,000000 0,000000
187 1682735011 0,200000 -1,000000 -101,000000 0,000000 0,000000
187 1682735012 0,200000 -1,000000 -101,000000 0,000000 0,000000
187 1682735013 0,200000 -1,000000 -101,000000 0,000000 0,000000
187 1682735014 0,200000 -1,000000 -101,000000 0,000000 0,000000
187 1682735015 0,200000 -1,000000 -101,000000 0,000000 0,000000
187 1682735016 0,200000 -1,000000 -101,000000 0,000000 0,000000
187 1682735017 0,200000 -1,000000 -101,000000 0,000000 0,000000
187 1682735028 0,200000 -1,000000 -101,000000 0,000000 0,000000
187 1682735029 0,200000 -1,000000 -101,000000 0,000000 0,000000
187 1682735030 0,200000 -1,000000 -101,000000 0,000000 0,000000
187 1682735031 0,200000 -1,000000 -101,000000 0,000000 0,000000
187 1682735032 0,200000 -1,000000 -101,000000 0,000000 0,000000
187 1682735038 0,200000 -1,000000 -101,000000 0,000000 0,000000
187 1682735039 0,200000 -1,000000 -101,000000 0,000000 0,000000
187 1682735040 0,200000 -1,000000 -101,000000 0,000000 0,000000
187 1682735041 0,200000 -1,000000 -101,000000 0,000000 0,000000
187 1682735042 0,200000 -1,000000 -101,000000 0,000000 0,000000
187 1682735048 0,200000 -1,000000 -101,000000 0,000000 0,000000
187 1682735049 0,200000 -1,000000 -101,000000 0,000000 0,000000
187 1682735050 0,200000 -1,000000 -101,000000 0,000000 0,000000
187 1682735051 0,200000 -1,000000 -101,000000 0,000000 0,000000
187 1682735052 0,200000 -1,000000 -101,000000 0,000000 0,000000
187 1682735063 0,200000 -1,000000 -101,000000 0,000000 0,000000
187 1682735064 0,200000 -1,000000 -101,000000 0,000000 0,000000
187 1682735065 0,200000 -1,000000 -101,000000 0,000000 0,000000
187 1682735066 0,200000 -1,000000 -101,000000 0,000000 0,000000
187 1682735067 0,200000 -1,000000 -101,000000 0,000000 0,000000
187 1682735073 0,200000 -1,000000 -101,000000 0,000000 0,000000
187 1682735074 0,200000 -1,000000 -101,000000 0,000000 0,000000
187 1682735075 0,200000 -1,000000 -101,000000 0,000000 0,000000
187 1682735076 0,200000 -1,000000 -101,000000 0,000000 0,000000
187 1682735077 0,200000 -1,000000 -101,000000 0,000000 0,000000
187 1682735083 0,200000 -1,000000 -101,000000 0,000000 0,000000
187 1682735084 0,200000 -1,000000 -101,000000 0,000000 0,000000
187 1682735085 0,200000 -1,000000 -101,000000 0,000000 0,000000
187 1682735086 0,200000 -1,000000 -101,000000 0,000000 0,000000
187 1682735087 0,200000 -1,000000 -101,000000 0,000000 0,000000
187 1682735093 0,200000 -1,000000 -101,000000 0,000000 0,000000
187 1682735094 0,200000 -1,000000 -101,000000 0,000000 0,000000
187 1682735095 0,200000 -1,000000 -101,000000 0,000000 0,000000
187 1682735096 0,200000 -1,000000 -101,000000 0,000000 0,000000
187 1682735097 0,200000 -1,000000 -101,000000 0,000000 0,000000
187 1682735098 0,200000 -1,000000 -101,000000 0,000000 0,000000
187 1682735099 0,200000 -1,000000 -101,000000 0,000000 0,000000
187 1682735100 0,200000 -1,000000 -101,000000 0,000000 0,000000
187 1682735101 0,200000 -1,000000 -101,000000 0,000000 0,000000
187 1682735102 0,200000 -1,000000 -101,000000 0,000000 0,000000
187 1682735108 0,200000 -1,000000 -101,000000 0,000000 0,000000
187 1682735109 0,200000 -1,000000 -101,000000 0,000000 0,000000
187 1682735110 0,200000 -1,000000 -101,000000 0,000000 0,000000
187 1682735111 0,200000 -1,000000 -101,000000 0,000000 0,000000
187 1682735112 0,200000 -1,000000 -101,000000 0,000000 0,000000
187 1682735118 0,200000 -1,000000 -101,000000 0,000000 0,000000
187 1682735119 0,200000 -1,000000 -101,000000 0,000000 0,000000
187 1682735120 0,200000 -1,000000 -101,000000 0,000000 0,000000
187 1682735121 0,200000 -1,000000 -101,000000 0,000000 0,000000
187 1682735122 0,200000 -1,000000 -101,000000 0,000000 0,000000
187 1682735133 0,400000 -1,000000 -101,000000 0,000000 0,000000
187 1682735134 0,400000 -1,000000 -101,000000 0,000000 0,000000
187 1682735135 0,400000 -1,000000 -101,000000 0,000000 0,000000
187 1682735136 0,400000 -1,000000 -101,000000 0,000000 0,000000
187 1682735137 0,400000 -1,000000 -101,000000 0,000000 0,000000
187 1682735148 0,200000 -1,000000 -101,000000 0,000000 0,000000
187 1682735149 0,200000 -1,000000 -101,000000 0,000000 0,000000
187 1682735150 0,200000 -1,000000 -101,000000 0,000000 0,000000
187 1682735151 0,200000 -1,000000 -101,000000 0,000000 0,000000
187 1682735152 0,200000 -1,000000 -101,000000 0,000000 0,000000
187 1682735173 0,400000 -1,000000 -101,000000 0,000000 0,000000
187 1682735174 0,400000 -1,000000 -101,000000 0,000000 0,000000
187 1682735175 0,400000 -1,000000 -101,000000 0,000000 0,000000
187 1682735176 0,400000 -1,000000 -101,000000 0,000000 0,000000
187 1682735177 0,400000 -1,000000 -101,000000 0,000000 0,000000
187 1682735178 0,200000 -1,000000 -101,000000 0,000000 0,000000
187 1682735179 0,200000 -1,000000 -101,000000 0,000000 0,000000
187 1682735180 0,200000 -1,000000 -101,000000 0,000000 0,000000
187 1682735181 0,200000 -1,000000 -101,000000 0,000000 0,000000
187 1682735182 0,200000 -1,000000 -101,000000 0,000000 0,000000
187 1682735188 0,200000 -1,000000 -101,000000 0,000000 0,000000
187 1682735189 0,200000 -1,000000 -101,000000 0,000000 0,000000
187 1682735190 0,200000 -1,000000 -101,000000 0,000000 0,000000
187 1682735191 0,200000 -1,000000 -101,000000 0,000000 0,000000
187 1682735192 0,200000 -1,000000 -101,000000 0,000000 0,000000
187 1682735193 0,200000 -1,000000 -101,000000 0,000000 0,000000
187 1682735194 0,200000 -1,000000 -101,000000 0,000000 0,000000
187 1682735195 0,200000 -1,000000 -101,000000 0,000000 0,000000
187 1682735196 0,200000 -1,000000 -101,000000 0,000000 0,000000
187 1682735197 0,200000 -1,000000 -101,000000 0,000000 0,000000
187 1682735223 0,200000 -1,000000 -101,000000 0,000000 0,000000
187 1682735224 0,200000 -1,000000 -101,000000 0,000000 0,000000
187 1682735225 0,200000 -1,000000 -101,000000 0,000000 0,000000
187 1682735226 0,200000 -1,000000 -101,000000 0,000000 0,000000
187 1682735227 0,200000 -1,000000 -101,000000 0,000000 0,000000
187 1682735228 0,400000 -1,000000 -101,000000 0,000000 0,000000
187 1682735229 0,400000 -1,000000 -101,000000 0,000000 0,000000
187 1682735230 0,400000 -1,000000 -101,000000 0,000000 0,000000
187 1682735231 0,400000 -1,000000 -101,000000 0,000000 0,000000
187 1682735232 0,400000 -1,000000 -101,000000 0,000000 0,000000
187 1682735238 0,200000 -1,000000 -101,000000 0,000000 0,000000
187 1682735239 0,200000 -1,000000 -101,000000 0,000000 0,000000
187 1682735240 0,200000 -1,000000 -101,000000 0,000000 0,000000
187 1682735241 0,200000 -1,000000 -101,000000 0,000000 0,000000
187 1682735242 0,200000 -1,000000 -101,000000 0,000000 0,000000
187 1682735243 0,200000 -1,000000 -101,000000 0,000000 0,000000
187 1682735244 0,200000 -1,000000 -101,000000 0,000000 0,000000
187 1682735245 0,200000 -1,000000 -101,000000 0,000000 0,000000
187 1682735246 0,200000 -1,000000 -101,000000 0,000000 0,000000
187 1682735247 0,200000 -1,000000 -101,000000 0,000000 0,000000
187 1682735258 0,400000 -1,000000 -101,000000 0,000000 0,000000
187 1682735259 0,400000 -1,000000 -101,000000 0,000000 0,000000
187 1682735260 0,400000 -1,000000 -101,000000 0,000000 0,000000
187 1682735261 0,400000 -1,000000 -101,000000 0,000000 0,000000
187 1682735262 0,400000 -1,000000 -101,000000 0,000000 0,000000
187 1682735273 0,200000 -1,000000 -101,000000 0,000000 0,000000
187 1682735274 0,200000 -1,000000 -101,000000 0,000000 0,000000
187 1682735275 0,200000 -1,000000 -101,000000 0,000000 0,000000
187 1682735276 0,200000 -1,000000 -101,000000 0,000000 0,000000
187 1682735277 0,200000 -1,000000 -101,000000 0,000000 0,000000
187 1682735308 0,200000 -1,000000 1,000000 1,000000 0,008000
187 1682735309 0,200000 -1,000000 1,000000 1,000000 0,008000
187 1682735310 0,200000 -1,000000 1,000000 1,000000 0,008000
187 1682735311 0,200000 -1,000000 1,000000 1,000000 0,008000
187 1682735312 0,200000 -1,000000 1,000000 1,000000 0,008000
187 1682745613 1,400000 -1,000000 -101,000000 0,000000 0,000000
187 1682745614 1,400000 -1,000000 -101,000000 0,000000 0,000000
187 1682745615 1,400000 -1,000000 -101,000000 0,000000 0,000000
187 1682745616 1,400000 -1,000000 -101,000000 0,000000 0,000000
187 1682745617 1,400000 -1,000000 -101,000000 0,000000 0,000000
187 1682745618 0,200000 -1,000000 -101,000000 0,000000 0,000000
187 1682745619 0,200000 -1,000000 -101,000000 0,000000 0,000000
187 1682745620 0,200000 -1,000000 -101,000000 0,000000 0,000000
187 1682745621 0,200000 -1,000000 -101,000000 0,000000 0,000000
187 1682745622 0,200000 -1,000000 -101,000000 0,000000 0,000000
187 1682745623 0,400000 -1,000000 -101,000000 0,000000 0,000000
187 1682745624 0,400000 -1,000000 -101,000000 0,000000 0,000000
187 1682745625 0,400000 -1,000000 -101,000000 0,000000 0,000000
187 1682745626 0,400000 -1,000000 -101,000000 0,000000 0,000000
187 1682745627 0,400000 -1,000000 -101,000000 0,000000 0,000000
187 1682745633 0,400000 -1,000000 -101,000000 0,000000 0,000000
187 1682745634 0,400000 -1,000000 -101,000000 0,000000 0,000000
187 1682745635 0,400000 -1,000000 -101,000000 0,000000 0,000000
187 1682745636 0,400000 -1,000000 -101,000000 0,000000 0,000000
187 1682745637 0,400000 -1,000000 -101,000000 0,000000 0,000000
187 1682745638 0,600000 -1,000000 -101,000000 0,000000 0,000000
187 1682745639 0,600000 -1,000000 -101,000000 0,000000 0,000000
187 1682745640 0,600000 -1,000000 -101,000000 0,000000 0,000000
187 1682745641 0,600000 -1,000000 -101,000000 0,000000 0,000000
187 1682745642 0,600000 -1,000000 -101,000000 0,000000 0,000000
187 1682745648 0,200000 -1,000000 -101,000000 0,000000 0,000000
187 1682745649 0,200000 -1,000000 -101,000000 0,000000 0,000000
187 1682745650 0,200000 -1,000000 -101,000000 0,000000 0,000000
187 1682745651 0,200000 -1,000000 -101,000000 0,000000 0,000000
187 1682745652 0,200000 -1,000000 -101,000000 0,000000 0,000000
187 1682745653 0,400000 -1,000000 -101,000000 0,000000 0,000000
187 1682745654 0,400000 -1,000000 -101,000000 0,000000 0,000000
187 1682745655 0,400000 -1,000000 -101,000000 0,000000 0,000000
187 1682745656 0,400000 -1,000000 -101,000000 0,000000 0,000000
187 1682745657 0,400000 -1,000000 -101,000000 0,000000 0,000000
187 1682745658 0,200000 -1,000000 -101,000000 0,000000 0,000000
187 1682745659 0,200000 -1,000000 -101,000000 0,000000 0,000000
187 1682745660 0,200000 -1,000000 -101,000000 0,000000 0,000000
187 1682745661 0,200000 -1,000000 -101,000000 0,000000 0,000000
187 1682745662 0,200000 -1,000000 -101,000000 0,000000 0,000000
187 1682745663 0,200000 -1,000000 -101,000000 0,000000 0,000000
187 1682745664 0,200000 -1,000000 -101,000000 0,000000 0,000000
187 1682745665 0,200000 -1,000000 -101,000000 0,000000 0,000000
187 1682745666 0,200000 -1,000000 -101,000000 0,000000 0,000000
187 1682745667 0,200000 -1,000000 -101,000000 0,000000 0,000000
187 1682745668 0,400000 -1,000000 -101,000000 0,000000 0,000000
187 1682745669 0,400000 -1,000000 -101,000000 0,000000 0,000000
187 1682745670 0,400000 -1,000000 -101,000000 0,000000 0,000000
187 1682745671 0,400000 -1,000000 -101,000000 0,000000 0,000000
187 1682745672 0,400000 -1,000000 -101,000000 0,000000 0,000000
187 1682745673 0,400000 -1,000000 -101,000000 0,000000 0,000000
187 1682745674 0,400000 -1,000000 -101,000000 0,000000 0,000000
187 1682745675 0,400000 -1,000000 -101,000000 0,000000 0,000000
187 1682745676 0,400000 -1,000000 -101,000000 0,000000 0,000000
187 1682745677 0,400000 -1,000000 -101,000000 0,000000 0,000000
187 1682745678 0,200000 -1,000000 -101,000000 0,000000 0,000000
187 1682745679 0,200000 -1,000000 -101,000000 0,000000 0,000000
187 1682745680 0,200000 -1,000000 -101,000000 0,000000 0,000000
187 1682745681 0,200000 -1,000000 -101,000000 0,000000 0,000000
187 1682745682 0,200000 -1,000000 -101,000000 0,000000 0,000000
187 1682745683 0,200000 -1,000000 -101,000000 0,000000 0,000000
187 1682745684 0,200000 -1,000000 -101,000000 0,000000 0,000000
187 1682745685 0,200000 -1,000000 -101,000000 0,000000 0,000000
187 1682745686 0,200000 -1,000000 -101,000000 0,000000 0,000000
187 1682745687 0,200000 -1,000000 -101,000000 0,000000 0,000000
187 1682745693 0,200000 -1,000000 -101,000000 0,000000 0,000000
187 1682745694 0,200000 -1,000000 -101,000000 0,000000 0,000000
187 1682745695 0,200000 -1,000000 -101,000000 0,000000 0,000000
187 1682745696 0,200000 -1,000000 -101,000000 0,000000 0,000000
187 1682745697 0,200000 -1,000000 -101,000000 0,000000 0,000000
187 1682745703 0,200000 -1,000000 -101,000000 0,000000 0,000000
187 1682745704 0,200000 -1,000000 -101,000000 0,000000 0,000000
187 1682745705 0,200000 -1,000000 -101,000000 0,000000 0,000000
187 1682745706 0,200000 -1,000000 -101,000000 0,000000 0,000000
187 1682745707 0,200000 -1,000000 -101,000000 0,000000 0,000000
187 1682745708 0,200000 -1,000000 -101,000000 0,000000 0,000000
187 1682745709 0,200000 -1,000000 -101,000000 0,000000 0,000000
187 1682745710 0,200000 -1,000000 -101,000000 0,000000 0,000000
187 1682745711 0,200000 -1,000000 -101,000000 0,000000 0,000000
187 1682745712 0,200000 -1,000000 -101,000000 0,000000 0,000000
187 1682745713 0,200000 -1,000000 -101,000000 0,000000 0,000000
187 1682745714 0,200000 -1,000000 -101,000000 0,000000 0,000000
187 1682745715 0,200000 -1,000000 -101,000000 0,000000 0,000000
187 1682745716 0,200000 -1,000000 -101,000000 0,000000 0,000000
187 1682745717 0,200000 -1,000000 -101,000000 0,000000 0,000000
187 1682745718 0,200000 -1,000000 -101,000000 0,000000 0,000000
187 1682745719 0,200000 -1,000000 -101,000000 0,000000 0,000000
187 1682745720 0,200000 -1,000000 -101,000000 0,000000 0,000000
187 1682745721 0,200000 -1,000000 -101,000000 0,000000 0,000000
187 1682745722 0,200000 -1,000000 -101,000000 0,000000 0,000000
187 1682745723 0,600000 -1,000000 -101,000000 0,000000 0,000000
187 1682745724 0,600000 -1,000000 -101,000000 0,000000 0,000000
187 1682745725 0,600000 -1,000000 -101,000000 0,000000 0,000000
